## Detector setup file for new FPD
########################################################################
##
##	#FP	Energy	Time	Pos
Size: 	328 	0 	1 	1
#RawHits:
#
Multi-hit: 128
#
##	Scalers	Calib	Overlap	Micro	#trig	Toff	Tres
Misc:	1	1	0	0	0	165.0	0.0
##
Window:   -20. 20. -40. -20.
Window:   -20. 20.  20.  40.
##
Element: 0 0.0 0.0 0.0 0.0 849M0 -400.0 800.0 -6000.0 0.1000 0 0 0 816.296 3.470 2067
Element: 1 0.0 0.0 0.0 0.0 832M0 -400.0 800.0 -6000.0 0.1000 0 0 0 813.037 3.483 2064
Element: 2 0.0 0.0 0.0 0.0 833M0 -400.0 800.0 -6000.0 0.1000 0 0 0 809.535 3.482 2066
Element: 3 0.0 0.0 0.0 0.0 848M0 -400.0 800.0 -6000.0 0.1000 0 0 0 806.253 3.495 2065
Element: 4 0.0 0.0 0.0 0.0 817M0 -400.0 800.0 -6000.0 0.1000 0 0 0 802.751 3.494 2867
Element: 5 0.0 0.0 0.0 0.0 800M0 -400.0 800.0 -6000.0 0.1000 0 0 0 799.447 3.505 2864
Element: 6 0.0 0.0 0.0 0.0 801M0 -400.0 800.0 -6000.0 0.1000 0 0 0 795.947 3.504 2866
Element: 7 0.0 0.0 0.0 0.0 816M0 -400.0 800.0 -6000.0 0.1000 0 0 0 792.623 3.514 2865
Element: 8 0.0 0.0 0.0 0.0 977M0 -400.0 800.0 -6000.0 0.1000 0 0 0 787.617 3.442 2355
Element: 9 0.0 0.0 0.0 0.0 960M0 -400.0 800.0 -6000.0 0.1000 0 0 0 784.379 3.453 2352
Element: 10 0.0 0.0 0.0 0.0 961M0 -400.0 800.0 -6000.0 0.1000 0 0 0 780.917 3.451 2354
Element: 11 0.0 0.0 0.0 0.0 976M0 -400.0 800.0 -6000.0 0.1000 0 0 0 777.660 3.459 2353
Element: 12 0.0 0.0 0.0 0.0 945M0 -400.0 800.0 -6000.0 0.1000 0 0 0 774.201 3.457 2003
Element: 13 0.0 0.0 0.0 0.0 928M0 -400.0 800.0 -6000.0 0.1000 0 0 0 770.929 3.465 2000
Element: 14 0.0 0.0 0.0 0.0 929M0 -400.0 800.0 -6000.0 0.1000 0 0 0 767.475 3.462 2002
Element: 15 0.0 0.0 0.0 0.0 944M0 -400.0 800.0 -6000.0 0.1000 0 0 0 764.187 3.470 2001
Element: 16 0.0 0.0 0.0 0.0 1105M0 -400.0 800.0 -6000.0 0.1000 0 0 0 759.330 3.401 2611
Element: 17 0.0 0.0 0.0 0.0 1088M0 -400.0 800.0 -6000.0 0.1000 0 0 0 756.124 3.407 2608
Element: 18 0.0 0.0 0.0 0.0 1089M0 -400.0 800.0 -6000.0 0.1000 0 0 0 752.714 3.404 2610
Element: 19 0.0 0.0 0.0 0.0 1104M0 -400.0 800.0 -6000.0 0.1000 0 0 0 749.496 3.410 2609
Element: 20 0.0 0.0 0.0 0.0 1073M0 -400.0 800.0 -6000.0 0.1000 0 0 0 746.094 3.407 2323
Element: 21 0.0 0.0 0.0 0.0 1056M0 -400.0 800.0 -6000.0 0.1000 0 0 0 742.865 3.412 2320
Element: 22 0.0 0.0 0.0 0.0 1057M0 -400.0 800.0 -6000.0 0.1000 0 0 0 739.471 3.407 2322
Element: 23 0.0 0.0 0.0 0.0 1072M0 -400.0 800.0 -6000.0 0.1000 0 0 0 736.232 3.412 2321
Element: 24 0.0 0.0 0.0 0.0 913M0 -400.0 800.0 -6000.0 0.1000 0 0 0 731.540 3.347 2291
Element: 25 0.0 0.0 0.0 0.0 896M0 -400.0 800.0 -6000.0 0.1000 0 0 0 728.379 3.352 2288
Element: 26 0.0 0.0 0.0 0.0 897M0 -400.0 800.0 -6000.0 0.1000 0 0 0 725.033 3.346 2290
Element: 27 0.0 0.0 0.0 0.0 912M0 -400.0 800.0 -6000.0 0.1000 0 0 0 721.865 3.350 2289
Element: 28 0.0 0.0 0.0 0.0 881M0 -400.0 800.0 -6000.0 0.1000 0 0 0 718.530 3.345 2579
Element: 29 0.0 0.0 0.0 0.0 864M0 -400.0 800.0 -6000.0 0.1000 0 0 0 715.355 3.348 2576
Element: 30 0.0 0.0 0.0 0.0 865M0 -400.0 800.0 -6000.0 0.1000 0 0 0 712.030 3.342 2578
Element: 31 0.0 0.0 0.0 0.0 880M0 -400.0 800.0 -6000.0 0.1000 0 0 0 708.851 3.343 2577
Element: 32 0.0 0.0 0.0 0.0 1041M0 -400.0 800.0 -6000.0 0.1000 0 0 0 704.339 3.283 2035
Element: 33 0.0 0.0 0.0 0.0 1024M0 -400.0 800.0 -6000.0 0.1000 0 0 0 701.232 3.286 2032
Element: 34 0.0 0.0 0.0 0.0 1025M0 -400.0 800.0 -6000.0 0.1000 0 0 0 697.960 3.279 2034
Element: 35 0.0 0.0 0.0 0.0 1040M0 -400.0 800.0 -6000.0 0.1000 0 0 0 694.850 3.281 2033
Element: 36 0.0 0.0 0.0 0.0 1009M0 -400.0 800.0 -6000.0 0.1000 0 0 0 691.590 3.273 2643
Element: 37 0.0 0.0 0.0 0.0 992M0 -400.0 800.0 -6000.0 0.1000 0 0 0 688.479 3.275 2640
Element: 38 0.0 0.0 0.0 0.0 993M0 -400.0 800.0 -6000.0 0.1000 0 0 0 685.233 3.267 2642
Element: 39 0.0 0.0 0.0 0.0 1008M0 -400.0 800.0 -6000.0 0.1000 0 0 0 682.121 3.267 2641
Element: 40 0.0 0.0 0.0 0.0 1169M0 -400.0 800.0 -6000.0 0.1000 0 0 0 677.795 3.212 2931
Element: 41 0.0 0.0 0.0 0.0 1152M0 -400.0 800.0 -6000.0 0.1000 0 0 0 674.750 3.212 2928
Element: 42 0.0 0.0 0.0 0.0 1153M0 -400.0 800.0 -6000.0 0.1000 0 0 0 671.557 3.204 2930
Element: 43 0.0 0.0 0.0 0.0 1168M0 -400.0 800.0 -6000.0 0.1000 0 0 0 668.514 3.204 2929
Element: 44 0.0 0.0 0.0 0.0 1137M0 -400.0 800.0 -6000.0 0.1000 0 0 0 665.336 3.197 2899
Element: 45 0.0 0.0 0.0 0.0 1120M0 -400.0 800.0 -6000.0 0.1000 0 0 0 662.295 3.194 2896
Element: 46 0.0 0.0 0.0 0.0 1121M0 -400.0 800.0 -6000.0 0.1000 0 0 0 659.133 3.186 2898
Element: 47 0.0 0.0 0.0 0.0 1136M0 -400.0 800.0 -6000.0 0.1000 0 0 0 656.096 3.184 2897
Element: 48 0.0 0.0 0.0 0.0 851M0 -400.0 800.0 -6000.0 0.1000 0 0 0 651.959 3.135 2071
Element: 49 0.0 0.0 0.0 0.0 834M0 -400.0 800.0 -6000.0 0.1000 0 0 0 648.983 3.133 2068
Element: 50 0.0 0.0 0.0 0.0 835M0 -400.0 800.0 -6000.0 0.1000 0 0 0 645.875 3.125 2070
Element: 51 0.0 0.0 0.0 0.0 850M0 -400.0 800.0 -6000.0 0.1000 0 0 0 642.904 3.122 2069
Element: 52 0.0 0.0 0.0 0.0 819M0 -400.0 800.0 -6000.0 0.1000 0 0 0 639.812 3.114 2871
Element: 53 0.0 0.0 0.0 0.0 802M0 -400.0 800.0 -6000.0 0.1000 0 0 0 636.847 3.110 2868
Element: 54 0.0 0.0 0.0 0.0 803M0 -400.0 800.0 -6000.0 0.1000 0 0 0 633.773 3.101 2870
Element: 55 0.0 0.0 0.0 0.0 818M0 -400.0 800.0 -6000.0 0.1000 0 0 0 630.814 3.097 2869
Element: 56 0.0 0.0 0.0 0.0 979M0 -400.0 800.0 -6000.0 0.1000 0 0 0 626.867 3.054 2359
Element: 57 0.0 0.0 0.0 0.0 962M0 -400.0 800.0 -6000.0 0.1000 0 0 0 623.963 3.050 2356
Element: 58 0.0 0.0 0.0 0.0 963M0 -400.0 800.0 -6000.0 0.1000 0 0 0 620.942 3.042 2358
Element: 59 0.0 0.0 0.0 0.0 978M0 -400.0 800.0 -6000.0 0.1000 0 0 0 618.047 3.037 2357
Element: 60 0.0 0.0 0.0 0.0 947M0 -400.0 800.0 -6000.0 0.1000 0 0 0 615.044 3.028 2007
Element: 61 0.0 0.0 0.0 0.0 930M0 -400.0 800.0 -6000.0 0.1000 0 0 0 612.158 3.022 2004
Element: 62 0.0 0.0 0.0 0.0 931M0 -400.0 800.0 -6000.0 0.1000 0 0 0 609.173 3.014 2006
Element: 63 0.0 0.0 0.0 0.0 946M0 -400.0 800.0 -6000.0 0.1000 0 0 0 606.297 3.008 2005
Element: 64 0.0 0.0 0.0 0.0 1107M0 -400.0 800.0 -6000.0 0.1000 0 0 0 602.534 2.971 2615
Element: 65 0.0 0.0 0.0 0.0 1090M0 -400.0 800.0 -6000.0 0.1000 0 0 0 599.706 2.965 2612
Element: 66 0.0 0.0 0.0 0.0 1091M0 -400.0 800.0 -6000.0 0.1000 0 0 0 596.774 2.956 2614
Element: 67 0.0 0.0 0.0 0.0 1106M0 -400.0 800.0 -6000.0 0.1000 0 0 0 593.956 2.950 2613
Element: 68 0.0 0.0 0.0 0.0 1075M0 -400.0 800.0 -6000.0 0.1000 0 0 0 591.043 2.941 2327
Element: 69 0.0 0.0 0.0 0.0 1058M0 -400.0 800.0 -6000.0 0.1000 0 0 0 588.238 2.934 2324
Element: 70 0.0 0.0 0.0 0.0 1059M0 -400.0 800.0 -6000.0 0.1000 0 0 0 585.344 2.924 2326
Element: 71 0.0 0.0 0.0 0.0 1074M0 -400.0 800.0 -6000.0 0.1000 0 0 0 582.552 2.917 2325
Element: 72 0.0 0.0 0.0 0.0 915M0 -400.0 800.0 -6000.0 0.1000 0 0 0 578.967 2.886 2295
Element: 73 0.0 0.0 0.0 0.0 898M0 -400.0 800.0 -6000.0 0.1000 0 0 0 576.215 2.880 2292
Element: 74 0.0 0.0 0.0 0.0 899M0 -400.0 800.0 -6000.0 0.1000 0 0 0 573.373 2.870 2294
Element: 75 0.0 0.0 0.0 0.0 914M0 -400.0 800.0 -6000.0 0.1000 0 0 0 570.634 2.863 2293
Element: 76 0.0 0.0 0.0 0.0 883M0 -400.0 800.0 -6000.0 0.1000 0 0 0 567.810 2.853 2583
Element: 77 0.0 0.0 0.0 0.0 866M0 -400.0 800.0 -6000.0 0.1000 0 0 0 565.087 2.845 2580
Element: 78 0.0 0.0 0.0 0.0 867M0 -400.0 800.0 -6000.0 0.1000 0 0 0 562.283 2.835 2582
Element: 79 0.0 0.0 0.0 0.0 882M0 -400.0 800.0 -6000.0 0.1000 0 0 0 559.574 2.827 2581
Element: 80 0.0 0.0 0.0 0.0 1043M0 -400.0 800.0 -6000.0 0.1000 0 0 0 556.161 2.802 2039
Element: 81 0.0 0.0 0.0 0.0 1026M0 -400.0 800.0 -6000.0 0.1000 0 0 0 553.486 2.794 2036
Element: 82 0.0 0.0 0.0 0.0 1027M0 -400.0 800.0 -6000.0 0.1000 0 0 0 550.732 2.784 2038
Element: 83 0.0 0.0 0.0 0.0 1042M0 -400.0 800.0 -6000.0 0.1000 0 0 0 548.073 2.776 2037
Element: 84 0.0 0.0 0.0 0.0 1011M0 -400.0 800.0 -6000.0 0.1000 0 0 0 545.338 2.765 2647
Element: 85 0.0 0.0 0.0 0.0 994M0 -400.0 800.0 -6000.0 0.1000 0 0 0 542.695 2.758 2644
Element: 86 0.0 0.0 0.0 0.0 995M0 -400.0 800.0 -6000.0 0.1000 0 0 0 539.980 2.747 2646
Element: 87 0.0 0.0 0.0 0.0 1010M0 -400.0 800.0 -6000.0 0.1000 0 0 0 537.355 2.738 2645
Element: 88 0.0 0.0 0.0 0.0 1171M0 -400.0 800.0 -6000.0 0.1000 0 0 0 534.101 2.719 2935
Element: 89 0.0 0.0 0.0 0.0 1154M0 -400.0 800.0 -6000.0 0.1000 0 0 0 531.503 2.710 2932
Element: 90 0.0 0.0 0.0 0.0 1155M0 -400.0 800.0 -6000.0 0.1000 0 0 0 528.836 2.700 2934
Element: 91 0.0 0.0 0.0 0.0 1170M0 -400.0 800.0 -6000.0 0.1000 0 0 0 526.255 2.691 2933
Element: 92 0.0 0.0 0.0 0.0 1139M0 -400.0 800.0 -6000.0 0.1000 0 0 0 523.607 2.681 2903
Element: 93 0.0 0.0 0.0 0.0 1122M0 -400.0 800.0 -6000.0 0.1000 0 0 0 521.044 2.671 2900
Element: 94 0.0 0.0 0.0 0.0 1123M0 -400.0 800.0 -6000.0 0.1000 0 0 0 518.416 2.661 2902
Element: 95 0.0 0.0 0.0 0.0 1138M0 -400.0 800.0 -6000.0 0.1000 0 0 0 515.872 2.651 2901
Element: 96 0.0 0.0 0.0 0.0 853M0 -400.0 800.0 -6000.0 0.1000 0 0 0 512.771 2.637 2075
Element: 97 0.0 0.0 0.0 0.0 836M0 -400.0 800.0 -6000.0 0.1000 0 0 0 510.248 2.627 2072
Element: 98 0.0 0.0 0.0 0.0 837M0 -400.0 800.0 -6000.0 0.1000 0 0 0 507.664 2.617 2074
Element: 99 0.0 0.0 0.0 0.0 852M0 -400.0 800.0 -6000.0 0.1000 0 0 0 505.161 2.608 2073
Element: 100 0.0 0.0 0.0 0.0 821M0 -400.0 800.0 -6000.0 0.1000 0 0 0 502.597 2.597 2875
Element: 101 0.0 0.0 0.0 0.0 804M0 -400.0 800.0 -6000.0 0.1000 0 0 0 500.114 2.587 2872
Element: 102 0.0 0.0 0.0 0.0 805M0 -400.0 800.0 -6000.0 0.1000 0 0 0 497.569 2.577 2874
Element: 103 0.0 0.0 0.0 0.0 820M0 -400.0 800.0 -6000.0 0.1000 0 0 0 495.106 2.567 2873
Element: 104 0.0 0.0 0.0 0.0 981M0 -400.0 800.0 -6000.0 0.1000 0 0 0 492.147 2.557 2363
Element: 105 0.0 0.0 0.0 0.0 964M0 -400.0 800.0 -6000.0 0.1000 0 0 0 489.698 2.548 2360
Element: 106 0.0 0.0 0.0 0.0 965M0 -400.0 800.0 -6000.0 0.1000 0 0 0 487.196 2.537 2362
Element: 107 0.0 0.0 0.0 0.0 980M0 -400.0 800.0 -6000.0 0.1000 0 0 0 484.768 2.526 2361
Element: 108 0.0 0.0 0.0 0.0 949M0 -400.0 800.0 -6000.0 0.1000 0 0 0 482.286 2.517 2011
Element: 109 0.0 0.0 0.0 0.0 932M0 -400.0 800.0 -6000.0 0.1000 0 0 0 479.879 2.506 2008
Element: 110 0.0 0.0 0.0 0.0 933M0 -400.0 800.0 -6000.0 0.1000 0 0 0 477.416 2.495 2010
Element: 111 0.0 0.0 0.0 0.0 948M0 -400.0 800.0 -6000.0 0.1000 0 0 0 475.030 2.485 2009
Element: 112 0.0 0.0 0.0 0.0 1109M0 -400.0 800.0 -6000.0 0.1000 0 0 0 472.207 2.480 2619
Element: 113 0.0 0.0 0.0 0.0 1092M0 -400.0 800.0 -6000.0 0.1000 0 0 0 469.830 2.470 2616
Element: 114 0.0 0.0 0.0 0.0 1093M0 -400.0 800.0 -6000.0 0.1000 0 0 0 467.407 2.459 2618
Element: 115 0.0 0.0 0.0 0.0 1108M0 -400.0 800.0 -6000.0 0.1000 0 0 0 465.052 2.448 2617
Element: 116 0.0 0.0 0.0 0.0 1077M0 -400.0 800.0 -6000.0 0.1000 0 0 0 462.648 2.438 2331
Element: 117 0.0 0.0 0.0 0.0 1060M0 -400.0 800.0 -6000.0 0.1000 0 0 0 460.315 2.427 2328
Element: 118 0.0 0.0 0.0 0.0 1061M0 -400.0 800.0 -6000.0 0.1000 0 0 0 457.931 2.417 2330
Element: 119 0.0 0.0 0.0 0.0 1076M0 -400.0 800.0 -6000.0 0.1000 0 0 0 455.620 2.405 2329
Element: 120 0.0 0.0 0.0 0.0 917M0 -400.0 800.0 -6000.0 0.1000 0 0 0 452.924 2.405 2299
Element: 121 0.0 0.0 0.0 0.0 900M0 -400.0 800.0 -6000.0 0.1000 0 0 0 450.618 2.394 2296
Element: 122 0.0 0.0 0.0 0.0 901M0 -400.0 800.0 -6000.0 0.1000 0 0 0 448.271 2.384 2298
Element: 123 0.0 0.0 0.0 0.0 916M0 -400.0 800.0 -6000.0 0.1000 0 0 0 445.987 2.373 2297
Element: 124 0.0 0.0 0.0 0.0 885M0 -400.0 800.0 -6000.0 0.1000 0 0 0 443.659 2.363 2587
Element: 125 0.0 0.0 0.0 0.0 868M0 -400.0 800.0 -6000.0 0.1000 0 0 0 441.398 2.351 2584
Element: 126 0.0 0.0 0.0 0.0 869M0 -400.0 800.0 -6000.0 0.1000 0 0 0 439.089 2.341 2586
Element: 127 0.0 0.0 0.0 0.0 884M0 -400.0 800.0 -6000.0 0.1000 0 0 0 436.850 2.329 2585
Element: 128 0.0 0.0 0.0 0.0 1045M0 -400.0 800.0 -6000.0 0.1000 0 0 0 434.274 2.333 2043
Element: 129 0.0 0.0 0.0 0.0 1028M0 -400.0 800.0 -6000.0 0.1000 0 0 0 432.035 2.322 2040
Element: 130 0.0 0.0 0.0 0.0 1029M0 -400.0 800.0 -6000.0 0.1000 0 0 0 429.761 2.311 2042
Element: 131 0.0 0.0 0.0 0.0 1044M0 -400.0 800.0 -6000.0 0.1000 0 0 0 427.546 2.300 2041
Element: 132 0.0 0.0 0.0 0.0 1013M0 -400.0 800.0 -6000.0 0.1000 0 0 0 425.290 2.290 2651
Element: 133 0.0 0.0 0.0 0.0 996M0 -400.0 800.0 -6000.0 0.1000 0 0 0 423.098 2.278 2648
Element: 134 0.0 0.0 0.0 0.0 997M0 -400.0 800.0 -6000.0 0.1000 0 0 0 420.862 2.268 2650
Element: 135 0.0 0.0 0.0 0.0 1012M0 -400.0 800.0 -6000.0 0.1000 0 0 0 418.693 2.256 2649
Element: 136 0.0 0.0 0.0 0.0 1173M0 -400.0 800.0 -6000.0 0.1000 0 0 0 416.228 2.264 2939
Element: 137 0.0 0.0 0.0 0.0 1156M0 -400.0 800.0 -6000.0 0.1000 0 0 0 414.055 2.251 2936
Element: 138 0.0 0.0 0.0 0.0 1157M0 -400.0 800.0 -6000.0 0.1000 0 0 0 411.851 2.243 2938
Element: 139 0.0 0.0 0.0 0.0 1172M0 -400.0 800.0 -6000.0 0.1000 0 0 0 409.702 2.230 2937
Element: 140 0.0 0.0 0.0 0.0 1141M0 -400.0 800.0 -6000.0 0.1000 0 0 0 407.516 2.221 2907
Element: 141 0.0 0.0 0.0 0.0 1124M0 -400.0 800.0 -6000.0 0.1000 0 0 0 405.391 2.208 2904
Element: 142 0.0 0.0 0.0 0.0 1125M0 -400.0 800.0 -6000.0 0.1000 0 0 0 403.224 2.199 2906
Element: 143 0.0 0.0 0.0 0.0 1140M0 -400.0 800.0 -6000.0 0.1000 0 0 0 401.122 2.186 2905
Element: 144 0.0 0.0 0.0 0.0 855M0 -400.0 800.0 -6000.0 0.1000 0 0 0 398.762 2.197 2079
Element: 145 0.0 0.0 0.0 0.0 838M0 -400.0 800.0 -6000.0 0.1000 0 0 0 396.653 2.185 2076
Element: 146 0.0 0.0 0.0 0.0 839M0 -400.0 800.0 -6000.0 0.1000 0 0 0 394.515 2.176 2078
Element: 147 0.0 0.0 0.0 0.0 854M0 -400.0 800.0 -6000.0 0.1000 0 0 0 392.430 2.163 2077
Element: 148 0.0 0.0 0.0 0.0 823M0 -400.0 800.0 -6000.0 0.1000 0 0 0 390.312 2.154 2879
Element: 149 0.0 0.0 0.0 0.0 806M0 -400.0 800.0 -6000.0 0.1000 0 0 0 388.250 2.141 2876
Element: 150 0.0 0.0 0.0 0.0 807M0 -400.0 800.0 -6000.0 0.1000 0 0 0 386.150 2.131 2878
Element: 151 0.0 0.0 0.0 0.0 822M0 -400.0 800.0 -6000.0 0.1000 0 0 0 384.113 2.118 2877
Element: 152 0.0 0.0 0.0 0.0 983M0 -400.0 800.0 -6000.0 0.1000 0 0 0 381.851 2.133 2367
Element: 153 0.0 0.0 0.0 0.0 966M0 -400.0 800.0 -6000.0 0.1000 0 0 0 379.802 2.120 2364
Element: 154 0.0 0.0 0.0 0.0 967M0 -400.0 800.0 -6000.0 0.1000 0 0 0 377.729 2.111 2366
Element: 155 0.0 0.0 0.0 0.0 982M0 -400.0 800.0 -6000.0 0.1000 0 0 0 375.705 2.098 2365
Element: 156 0.0 0.0 0.0 0.0 951M0 -400.0 800.0 -6000.0 0.1000 0 0 0 373.651 2.089 2015
Element: 157 0.0 0.0 0.0 0.0 934M0 -400.0 800.0 -6000.0 0.1000 0 0 0 371.652 2.076 2012
Element: 158 0.0 0.0 0.0 0.0 935M0 -400.0 800.0 -6000.0 0.1000 0 0 0 369.615 2.067 2014
Element: 159 0.0 0.0 0.0 0.0 950M0 -400.0 800.0 -6000.0 0.1000 0 0 0 367.641 2.054 2013
Element: 160 0.0 0.0 0.0 0.0 1111M0 -400.0 800.0 -6000.0 0.1000 0 0 0 365.470 2.072 2623
Element: 161 0.0 0.0 0.0 0.0 1094M0 -400.0 800.0 -6000.0 0.1000 0 0 0 363.480 2.058 2620
Element: 162 0.0 0.0 0.0 0.0 1095M0 -400.0 800.0 -6000.0 0.1000 0 0 0 361.470 2.049 2622
Element: 163 0.0 0.0 0.0 0.0 1110M0 -400.0 800.0 -6000.0 0.1000 0 0 0 359.505 2.036 2621
Element: 164 0.0 0.0 0.0 0.0 1079M0 -400.0 800.0 -6000.0 0.1000 0 0 0 357.512 2.027 2335
Element: 165 0.0 0.0 0.0 0.0 1062M0 -400.0 800.0 -6000.0 0.1000 0 0 0 355.572 2.014 2332
Element: 166 0.0 0.0 0.0 0.0 1063M0 -400.0 800.0 -6000.0 0.1000 0 0 0 353.597 2.005 2334
Element: 167 0.0 0.0 0.0 0.0 1078M0 -400.0 800.0 -6000.0 0.1000 0 0 0 351.683 1.992 2333
Element: 168 0.0 0.0 0.0 0.0 919M0 -400.0 800.0 -6000.0 0.1000 0 0 0 349.598 2.012 2303
Element: 169 0.0 0.0 0.0 0.0 902M0 -400.0 800.0 -6000.0 0.1000 0 0 0 347.665 1.998 2300
Element: 170 0.0 0.0 0.0 0.0 903M0 -400.0 800.0 -6000.0 0.1000 0 0 0 345.714 1.990 2302
Element: 171 0.0 0.0 0.0 0.0 918M0 -400.0 800.0 -6000.0 0.1000 0 0 0 343.806 1.976 2301
Element: 172 0.0 0.0 0.0 0.0 887M0 -400.0 800.0 -6000.0 0.1000 0 0 0 341.872 1.967 2591
Element: 173 0.0 0.0 0.0 0.0 870M0 -400.0 800.0 -6000.0 0.1000 0 0 0 339.990 1.955 2588
Element: 174 0.0 0.0 0.0 0.0 871M0 -400.0 800.0 -6000.0 0.1000 0 0 0 338.073 1.946 2590
Element: 175 0.0 0.0 0.0 0.0 886M0 -400.0 800.0 -6000.0 0.1000 0 0 0 336.218 1.932 2589
Element: 176 0.0 0.0 0.0 0.0 1047M0 -400.0 800.0 -6000.0 0.1000 0 0 0 334.214 1.954 2047
Element: 177 0.0 0.0 0.0 0.0 1030M0 -400.0 800.0 -6000.0 0.1000 0 0 0 332.336 1.941 2044
Element: 178 0.0 0.0 0.0 0.0 1031M0 -400.0 800.0 -6000.0 0.1000 0 0 0 330.442 1.932 2046
Element: 179 0.0 0.0 0.0 0.0 1046M0 -400.0 800.0 -6000.0 0.1000 0 0 0 328.590 1.919 2045
Element: 180 0.0 0.0 0.0 0.0 1015M0 -400.0 800.0 -6000.0 0.1000 0 0 0 326.713 1.910 2655
Element: 181 0.0 0.0 0.0 0.0 998M0 -400.0 800.0 -6000.0 0.1000 0 0 0 324.887 1.896 2652
Element: 182 0.0 0.0 0.0 0.0 999M0 -400.0 800.0 -6000.0 0.1000 0 0 0 323.026 1.888 2654
Element: 183 0.0 0.0 0.0 0.0 1014M0 -400.0 800.0 -6000.0 0.1000 0 0 0 321.226 1.875 2653
Element: 184 0.0 0.0 0.0 0.0 1175M0 -400.0 800.0 -6000.0 0.1000 0 0 0 319.300 1.899 2943
Element: 185 0.0 0.0 0.0 0.0 1158M0 -400.0 800.0 -6000.0 0.1000 0 0 0 317.473 1.885 2940
Element: 186 0.0 0.0 0.0 0.0 1159M0 -400.0 800.0 -6000.0 0.1000 0 0 0 315.635 1.877 2942
Element: 187 0.0 0.0 0.0 0.0 1174M0 -400.0 800.0 -6000.0 0.1000 0 0 0 313.836 1.863 2941
Element: 188 0.0 0.0 0.0 0.0 1143M0 -400.0 800.0 -6000.0 0.1000 0 0 0 312.014 1.854 2911
Element: 189 0.0 0.0 0.0 0.0 1126M0 -400.0 800.0 -6000.0 0.1000 0 0 0 310.242 1.840 2908
Element: 190 0.0 0.0 0.0 0.0 1127M0 -400.0 800.0 -6000.0 0.1000 0 0 0 308.436 1.833 2910
Element: 191 0.0 0.0 0.0 0.0 1142M0 -400.0 800.0 -6000.0 0.1000 0 0 0 306.691 1.818 2909
Element: 192 0.0 0.0 0.0 0.0 857M0 -400.0 800.0 -6000.0 0.1000 0 0 0 304.836 1.845 2083
Element: 193 0.0 0.0 0.0 0.0 840M0 -400.0 800.0 -6000.0 0.1000 0 0 0 303.062 1.831 2080
Element: 194 0.0 0.0 0.0 0.0 841M0 -400.0 800.0 -6000.0 0.1000 0 0 0 301.276 1.823 2082
Element: 195 0.0 0.0 0.0 0.0 856M0 -400.0 800.0 -6000.0 0.1000 0 0 0 299.530 1.810 2081
Element: 196 0.0 0.0 0.0 0.0 825M0 -400.0 800.0 -6000.0 0.1000 0 0 0 297.760 1.801 2883
Element: 197 0.0 0.0 0.0 0.0 808M0 -400.0 800.0 -6000.0 0.1000 0 0 0 296.040 1.787 2880
Element: 198 0.0 0.0 0.0 0.0 809M0 -400.0 800.0 -6000.0 0.1000 0 0 0 294.287 1.779 2882
Element: 199 0.0 0.0 0.0 0.0 824M0 -400.0 800.0 -6000.0 0.1000 0 0 0 292.594 1.765 2881
Element: 200 0.0 0.0 0.0 0.0 985M0 -400.0 800.0 -6000.0 0.1000 0 0 0 290.807 1.794 2371
Element: 201 0.0 0.0 0.0 0.0 968M0 -400.0 800.0 -6000.0 0.1000 0 0 0 289.083 1.778 2368
Element: 202 0.0 0.0 0.0 0.0 969M0 -400.0 800.0 -6000.0 0.1000 0 0 0 287.350 1.771 2370
Element: 203 0.0 0.0 0.0 0.0 984M0 -400.0 800.0 -6000.0 0.1000 0 0 0 285.653 1.756 2369
Element: 204 0.0 0.0 0.0 0.0 953M0 -400.0 800.0 -6000.0 0.1000 0 0 0 283.935 1.749 2019
Element: 205 0.0 0.0 0.0 0.0 936M0 -400.0 800.0 -6000.0 0.1000 0 0 0 282.266 1.735 2016
Element: 206 0.0 0.0 0.0 0.0 937M0 -400.0 800.0 -6000.0 0.1000 0 0 0 280.563 1.727 2018
Element: 207 0.0 0.0 0.0 0.0 952M0 -400.0 800.0 -6000.0 0.1000 0 0 0 278.922 1.713 2017
Element: 208 0.0 0.0 0.0 0.0 1113M0 -400.0 800.0 -6000.0 0.1000 0 0 0 277.200 1.743 2627
Element: 209 0.0 0.0 0.0 0.0 1096M0 -400.0 800.0 -6000.0 0.1000 0 0 0 275.524 1.729 2624
Element: 210 0.0 0.0 0.0 0.0 1097M0 -400.0 800.0 -6000.0 0.1000 0 0 0 273.841 1.721 2626
Element: 211 0.0 0.0 0.0 0.0 1112M0 -400.0 800.0 -6000.0 0.1000 0 0 0 272.194 1.706 2625
Element: 212 0.0 0.0 0.0 0.0 1081M0 -400.0 800.0 -6000.0 0.1000 0 0 0 270.525 1.698 2339
Element: 213 0.0 0.0 0.0 0.0 1064M0 -400.0 800.0 -6000.0 0.1000 0 0 0 268.906 1.684 2336
Element: 214 0.0 0.0 0.0 0.0 1065M0 -400.0 800.0 -6000.0 0.1000 0 0 0 267.252 1.677 2338
Element: 215 0.0 0.0 0.0 0.0 1080M0 -400.0 800.0 -6000.0 0.1000 0 0 0 265.660 1.662 2337
Element: 216 0.0 0.0 0.0 0.0 921M0 -400.0 800.0 -6000.0 0.1000 0 0 0 264.001 1.693 2307
Element: 217 0.0 0.0 0.0 0.0 904M0 -400.0 800.0 -6000.0 0.1000 0 0 0 262.372 1.679 2304
Element: 218 0.0 0.0 0.0 0.0 905M0 -400.0 800.0 -6000.0 0.1000 0 0 0 260.738 1.671 2306
Element: 219 0.0 0.0 0.0 0.0 920M0 -400.0 800.0 -6000.0 0.1000 0 0 0 259.138 1.657 2305
Element: 220 0.0 0.0 0.0 0.0 889M0 -400.0 800.0 -6000.0 0.1000 0 0 0 257.518 1.649 2595
Element: 221 0.0 0.0 0.0 0.0 872M0 -400.0 800.0 -6000.0 0.1000 0 0 0 255.947 1.635 2592
Element: 222 0.0 0.0 0.0 0.0 873M0 -400.0 800.0 -6000.0 0.1000 0 0 0 254.341 1.627 2594
Element: 223 0.0 0.0 0.0 0.0 888M0 -400.0 800.0 -6000.0 0.1000 0 0 0 252.798 1.613 2593
Element: 224 0.0 0.0 0.0 0.0 1049M0 -400.0 800.0 -6000.0 0.1000 0 0 0 251.197 1.645 2051
Element: 225 0.0 0.0 0.0 0.0 1032M0 -400.0 800.0 -6000.0 0.1000 0 0 0 249.616 1.631 2048
Element: 226 0.0 0.0 0.0 0.0 1033M0 -400.0 800.0 -6000.0 0.1000 0 0 0 248.029 1.623 2050
Element: 227 0.0 0.0 0.0 0.0 1048M0 -400.0 800.0 -6000.0 0.1000 0 0 0 246.476 1.608 2049
Element: 228 0.0 0.0 0.0 0.0 1017M0 -400.0 800.0 -6000.0 0.1000 0 0 0 244.903 1.601 2659
Element: 229 0.0 0.0 0.0 0.0 1000M0 -400.0 800.0 -6000.0 0.1000 0 0 0 243.379 1.587 2656
Element: 230 0.0 0.0 0.0 0.0 1001M0 -400.0 800.0 -6000.0 0.1000 0 0 0 241.820 1.579 2658
Element: 231 0.0 0.0 0.0 0.0 1016M0 -400.0 800.0 -6000.0 0.1000 0 0 0 240.324 1.565 2657
Element: 232 0.0 0.0 0.0 0.0 1177M0 -400.0 800.0 -6000.0 0.1000 0 0 0 238.780 1.599 2947
Element: 233 0.0 0.0 0.0 0.0 1160M0 -400.0 800.0 -6000.0 0.1000 0 0 0 237.244 1.583 2944
Element: 234 0.0 0.0 0.0 0.0 1161M0 -400.0 800.0 -6000.0 0.1000 0 0 0 235.703 1.576 2946
Element: 235 0.0 0.0 0.0 0.0 1176M0 -400.0 800.0 -6000.0 0.1000 0 0 0 234.197 1.561 2945
Element: 236 0.0 0.0 0.0 0.0 1145M0 -400.0 800.0 -6000.0 0.1000 0 0 0 232.670 1.554 2915
Element: 237 0.0 0.0 0.0 0.0 1128M0 -400.0 800.0 -6000.0 0.1000 0 0 0 231.192 1.540 2912
Element: 238 0.0 0.0 0.0 0.0 1129M0 -400.0 800.0 -6000.0 0.1000 0 0 0 229.679 1.533 2914
Element: 239 0.0 0.0 0.0 0.0 1144M0 -400.0 800.0 -6000.0 0.1000 0 0 0 228.229 1.518 2913
Element: 240 0.0 0.0 0.0 0.0 859M0 -400.0 800.0 -6000.0 0.1000 0 0 0 226.740 1.552 2087
Element: 241 0.0 0.0 0.0 0.0 842M0 -400.0 800.0 -6000.0 0.1000 0 0 0 225.249 1.537 2084
Element: 242 0.0 0.0 0.0 0.0 843M0 -400.0 800.0 -6000.0 0.1000 0 0 0 223.754 1.531 2086
Element: 243 0.0 0.0 0.0 0.0 858M0 -400.0 800.0 -6000.0 0.1000 0 0 0 222.292 1.515 2085
Element: 244 0.0 0.0 0.0 0.0 827M0 -400.0 800.0 -6000.0 0.1000 0 0 0 220.810 1.508 2887
Element: 245 0.0 0.0 0.0 0.0 810M0 -400.0 800.0 -6000.0 0.1000 0 0 0 219.378 1.494 2884
Element: 246 0.0 0.0 0.0 0.0 811M0 -400.0 800.0 -6000.0 0.1000 0 0 0 217.909 1.486 2886
Element: 247 0.0 0.0 0.0 0.0 826M0 -400.0 800.0 -6000.0 0.1000 0 0 0 216.506 1.472 2885
Element: 248 0.0 0.0 0.0 0.0 987M0 -400.0 800.0 -6000.0 0.1000 0 0 0 215.070 1.507 2375
Element: 249 0.0 0.0 0.0 0.0 970M0 -400.0 800.0 -6000.0 0.1000 0 0 0 213.623 1.491 2372
Element: 250 0.0 0.0 0.0 0.0 971M0 -400.0 800.0 -6000.0 0.1000 0 0 0 212.172 1.485 2374
Element: 251 0.0 0.0 0.0 0.0 986M0 -400.0 800.0 -6000.0 0.1000 0 0 0 210.755 1.470 2373
Element: 252 0.0 0.0 0.0 0.0 955M0 -400.0 800.0 -6000.0 0.1000 0 0 0 209.318 1.464 2023
Element: 253 0.0 0.0 0.0 0.0 938M0 -400.0 800.0 -6000.0 0.1000 0 0 0 207.930 1.447 2020
Element: 254 0.0 0.0 0.0 0.0 939M0 -400.0 800.0 -6000.0 0.1000 0 0 0 206.505 1.441 2022
Element: 255 0.0 0.0 0.0 0.0 954M0 -400.0 800.0 -6000.0 0.1000 0 0 0 205.148 1.425 2021
Element: 256 0.0 0.0 0.0 0.0 1115M0 -400.0 800.0 -6000.0 0.1000 0 0 0 203.763 1.462 2631
Element: 257 0.0 0.0 0.0 0.0 1098M0 -400.0 800.0 -6000.0 0.1000 0 0 0 202.360 1.446 2628
Element: 258 0.0 0.0 0.0 0.0 1099M0 -400.0 800.0 -6000.0 0.1000 0 0 0 200.953 1.441 2630
Element: 259 0.0 0.0 0.0 0.0 1114M0 -400.0 800.0 -6000.0 0.1000 0 0 0 199.581 1.425 2629
Element: 260 0.0 0.0 0.0 0.0 1083M0 -400.0 800.0 -6000.0 0.1000 0 0 0 198.186 1.418 2343
Element: 261 0.0 0.0 0.0 0.0 1066M0 -400.0 800.0 -6000.0 0.1000 0 0 0 196.843 1.402 2340
Element: 262 0.0 0.0 0.0 0.0 1067M0 -400.0 800.0 -6000.0 0.1000 0 0 0 195.463 1.396 2342
Element: 263 0.0 0.0 0.0 0.0 1082M0 -400.0 800.0 -6000.0 0.1000 0 0 0 194.149 1.382 2341
Element: 264 0.0 0.0 0.0 0.0 923M0 -400.0 800.0 -6000.0 0.1000 0 0 0 192.814 1.417 2311
Element: 265 0.0 0.0 0.0 0.0 906M0 -400.0 800.0 -6000.0 0.1000 0 0 0 191.453 1.403 2308
Element: 266 0.0 0.0 0.0 0.0 907M0 -400.0 800.0 -6000.0 0.1000 0 0 0 190.091 1.397 2310
Element: 267 0.0 0.0 0.0 0.0 922M0 -400.0 800.0 -6000.0 0.1000 0 0 0 188.761 1.380 2309
Element: 268 0.0 0.0 0.0 0.0 891M0 -400.0 800.0 -6000.0 0.1000 0 0 0 187.411 1.375 2599
Element: 269 0.0 0.0 0.0 0.0 874M0 -400.0 800.0 -6000.0 0.1000 0 0 0 186.112 1.358 2596
Element: 270 0.0 0.0 0.0 0.0 875M0 -400.0 800.0 -6000.0 0.1000 0 0 0 184.772 1.352 2598
Element: 271 0.0 0.0 0.0 0.0 890M0 -400.0 800.0 -6000.0 0.1000 0 0 0 183.505 1.336 2597
Element: 272 0.0 0.0 0.0 0.0 1051M0 -400.0 800.0 -6000.0 0.1000 0 0 0 182.217 1.374 2055
Element: 273 0.0 0.0 0.0 0.0 1034M0 -400.0 800.0 -6000.0 0.1000 0 0 0 180.900 1.358 2052
Element: 274 0.0 0.0 0.0 0.0 1035M0 -400.0 800.0 -6000.0 0.1000 0 0 0 179.581 1.351 2054
Element: 275 0.0 0.0 0.0 0.0 1050M0 -400.0 800.0 -6000.0 0.1000 0 0 0 178.295 1.335 2053
Element: 276 0.0 0.0 0.0 0.0 1019M0 -400.0 800.0 -6000.0 0.1000 0 0 0 176.986 1.330 2663
Element: 277 0.0 0.0 0.0 0.0 1002M0 -400.0 800.0 -6000.0 0.1000 0 0 0 175.731 1.313 2660
Element: 278 0.0 0.0 0.0 0.0 1003M0 -400.0 800.0 -6000.0 0.1000 0 0 0 174.434 1.308 2662
Element: 279 0.0 0.0 0.0 0.0 1018M0 -400.0 800.0 -6000.0 0.1000 0 0 0 173.211 1.291 2661
Element: 280 0.0 0.0 0.0 0.0 1179M0 -400.0 800.0 -6000.0 0.1000 0 0 0 171.972 1.329 2951
Element: 281 0.0 0.0 0.0 0.0 1162M0 -400.0 800.0 -6000.0 0.1000 0 0 0 170.697 1.313 2948
Element: 282 0.0 0.0 0.0 0.0 1163M0 -400.0 800.0 -6000.0 0.1000 0 0 0 169.421 1.309 2950
Element: 283 0.0 0.0 0.0 0.0 1178M0 -400.0 800.0 -6000.0 0.1000 0 0 0 168.178 1.292 2949
Element: 284 0.0 0.0 0.0 0.0 1147M0 -400.0 800.0 -6000.0 0.1000 0 0 0 166.912 1.286 2919
Element: 285 0.0 0.0 0.0 0.0 1130M0 -400.0 800.0 -6000.0 0.1000 0 0 0 165.701 1.270 2916
Element: 286 0.0 0.0 0.0 0.0 1131M0 -400.0 800.0 -6000.0 0.1000 0 0 0 164.445 1.266 2918
Element: 287 0.0 0.0 0.0 0.0 1146M0 -400.0 800.0 -6000.0 0.1000 0 0 0 163.266 1.248 2917
Element: 288 0.0 0.0 0.0 0.0 861M0 -400.0 800.0 -6000.0 0.1000 0 0 0 162.074 1.286 2091
Element: 289 0.0 0.0 0.0 0.0 844M0 -400.0 800.0 -6000.0 0.1000 0 0 0 160.841 1.270 2088
Element: 290 0.0 0.0 0.0 0.0 845M0 -400.0 800.0 -6000.0 0.1000 0 0 0 159.607 1.264 2090
Element: 291 0.0 0.0 0.0 0.0 860M0 -400.0 800.0 -6000.0 0.1000 0 0 0 158.409 1.248 2089
Element: 292 0.0 0.0 0.0 0.0 829M0 -400.0 800.0 -6000.0 0.1000 0 0 0 157.184 1.243 2891
Element: 293 0.0 0.0 0.0 0.0 812M0 -400.0 800.0 -6000.0 0.1000 0 0 0 156.016 1.227 2888
Element: 294 0.0 0.0 0.0 0.0 813M0 -400.0 800.0 -6000.0 0.1000 0 0 0 154.802 1.221 2890
Element: 295 0.0 0.0 0.0 0.0 828M0 -400.0 800.0 -6000.0 0.1000 0 0 0 153.666 1.204 2889
Element: 296 0.0 0.0 0.0 0.0 989M0 -400.0 800.0 -6000.0 0.1000 0 0 0 152.521 1.243 2379
Element: 297 0.0 0.0 0.0 0.0 972M0 -400.0 800.0 -6000.0 0.1000 0 0 0 151.332 1.227 2376
Element: 298 0.0 0.0 0.0 0.0 973M0 -400.0 800.0 -6000.0 0.1000 0 0 0 150.141 1.222 2378
Element: 299 0.0 0.0 0.0 0.0 988M0 -400.0 800.0 -6000.0 0.1000 0 0 0 148.983 1.205 2377
Element: 300 0.0 0.0 0.0 0.0 957M0 -400.0 800.0 -6000.0 0.1000 0 0 0 147.802 1.200 2027
Element: 301 0.0 0.0 0.0 0.0 940M0 -400.0 800.0 -6000.0 0.1000 0 0 0 146.677 1.183 2024
Element: 302 0.0 0.0 0.0 0.0 941M0 -400.0 800.0 -6000.0 0.1000 0 0 0 145.505 1.179 2026
Element: 303 0.0 0.0 0.0 0.0 956M0 -400.0 800.0 -6000.0 0.1000 0 0 0 144.413 1.162 2025
Element: 304 0.0 0.0 0.0 0.0 1117M0 -400.0 800.0 -6000.0 0.1000 0 0 0 143.315 1.200 2635
Element: 305 0.0 0.0 0.0 0.0 1100M0 -400.0 800.0 -6000.0 0.1000 0 0 0 142.167 1.183 2632
Element: 306 0.0 0.0 0.0 0.0 1101M0 -400.0 800.0 -6000.0 0.1000 0 0 0 141.019 1.177 2634
Element: 307 0.0 0.0 0.0 0.0 1116M0 -400.0 800.0 -6000.0 0.1000 0 0 0 139.904 1.160 2633
Element: 308 0.0 0.0 0.0 0.0 1085M0 -400.0 800.0 -6000.0 0.1000 0 0 0 138.765 1.156 2347
Element: 309 0.0 0.0 0.0 0.0 1068M0 -400.0 800.0 -6000.0 0.1000 0 0 0 137.684 1.140 2344
Element: 310 0.0 0.0 0.0 0.0 1069M0 -400.0 800.0 -6000.0 0.1000 0 0 0 136.553 1.135 2346
Element: 311 0.0 0.0 0.0 0.0 1084M0 -400.0 800.0 -6000.0 0.1000 0 0 0 135.504 1.117 2345
Element: 312 0.0 0.0 0.0 0.0 925M0 -400.0 800.0 -6000.0 0.1000 0 0 0 134.453 1.156 2315
Element: 313 0.0 0.0 0.0 0.0 908M0 -400.0 800.0 -6000.0 0.1000 0 0 0 133.348 1.139 2312
Element: 314 0.0 0.0 0.0 0.0 909M0 -400.0 800.0 -6000.0 0.1000 0 0 0 132.243 1.134 2314
Element: 315 0.0 0.0 0.0 0.0 924M0 -400.0 800.0 -6000.0 0.1000 0 0 0 131.171 1.117 2313
Element: 316 0.0 0.0 0.0 0.0 893M0 -400.0 800.0 -6000.0 0.1000 0 0 0 130.074 1.114 2603
Element: 317 0.0 0.0 0.0 0.0 876M0 -400.0 800.0 -6000.0 0.1000 0 0 0 129.035 1.096 2600
Element: 318 0.0 0.0 0.0 0.0 877M0 -400.0 800.0 -6000.0 0.1000 0 0 0 127.946 1.092 2602
Element: 319 0.0 0.0 0.0 0.0 892M0 -400.0 800.0 -6000.0 0.1000 0 0 0 126.941 1.076 2601
Element: 320 0.0 0.0 0.0 0.0 1053M0 -400.0 800.0 -6000.0 0.1000 0 0 0 125.935 1.112 2059
Element: 321 0.0 0.0 0.0 0.0 1036M0 -400.0 800.0 -6000.0 0.1000 0 0 0 124.874 1.095 2056
Element: 322 0.0 0.0 0.0 0.0 1037M0 -400.0 800.0 -6000.0 0.1000 0 0 0 123.811 1.092 2058
Element: 323 0.0 0.0 0.0 0.0 1052M0 -400.0 800.0 -6000.0 0.1000 0 0 0 122.784 1.074 2057
Element: 324 0.0 0.0 0.0 0.0 1021M0 -400.0 800.0 -6000.0 0.1000 0 0 0 121.727 1.071 2667
Element: 325 0.0 0.0 0.0 0.0 1004M0 -400.0 800.0 -6000.0 0.1000 0 0 0 120.733 1.054 2664
Element: 326 0.0 0.0 0.0 0.0 1005M0 -400.0 800.0 -6000.0 0.1000 0 0 0 119.685 1.049 2666
Element: 327 0.0 0.0 0.0 0.0 1020M0 -400.0 800.0 -6000.0 0.1000 0 0 0 118.724 1.032 2665
##
Initialise: 
Display: 1D Nhits       96 0 96
Display: 1D NhitsPrompt 32 0 32
Display: 1D NhitsRand   32 0 32
Display: 1D Hits        328 0 328
Display: 1D HitsPrompt  328 0 328
Display: 1D HitsRand    328 0 328
Display: 1D TimeOR     1200 -400.0 800.0
Display: 1D TimeAll    1200 -400.0 800.0
#Display: 1D Time  400 -400.0 800.0   0 328
Display: 1D Eelect   1000 0 1000.0
Display: 1D ScalerCurr 328 0 328
Display: 1D ScalerAcc  328 0 328
Display: 1D Doubles  	328 0 328
Display: 1D NDoubles  	64 0 64
#Display: 2D TimeOR   200 -400.0 800.0 -1 Hits 328 0 328 -1
#Display: 2D TimeOR   200 -400.0 800.0 -1 Doubles 328 0 328 -1
Display: 2D TimeOR   600 -400.0 800.0 -1 Hits 328 0 328 -1
Display: 2D TimeOR   600 -400.0 800.0 -1 Doubles 328 0 328 -1
Display: 2D TimeAll  600 -400.0 800.0 -1 Hits 328 0 328 -1
