## Detector setup file for new FPD
########################################################################
##
##	#FP	Energy	Time	Pos
Size: 	328 	0 	1 	1
#RawHits:
#
Multi-hit: 128
#
##	Scalers	Calib	Overlap	Micro	#trig	Toff	Tres
Misc:	1	1	0	0	0	0.0	0.0
##
#Window:   580. 640. 300. 400.
Window:   580. 640. 700. 800.
#Window:   -40. 40.  80.  140.
##
Element:       0  0.000    0.0    0.00 0.000000   849M0  -400.0   800.0    -8.29 0.100000    0.000    0.000    0.000  816.296 3.470 2067
Element:       1  0.000    0.0    0.00 0.000000   832M0  -400.0   800.0     7.31 0.100000    0.000    0.000    0.000  813.037 3.483 2064
Element:       2  0.000    0.0    0.00 0.000000   833M0  -400.0   800.0     5.44 0.100000    0.000    0.000    0.000  809.535 3.482 2066
Element:       3  0.000    0.0    0.00 0.000000   848M0  -400.0   800.0    -6.64 0.100000    0.000    0.000    0.000  806.253 3.495 2065
Element:       4  0.000    0.0    0.00 0.000000   817M0  -400.0   800.0    -6.99 0.100000    0.000    0.000    0.000  802.751 3.494 2867
Element:       5  0.000    0.0    0.00 0.000000   800M0  -400.0   800.0     6.97 0.100000    0.000    0.000    0.000  799.447 3.505 2864
Element:       6  0.000    0.0    0.00 0.000000   801M0  -400.0   800.0    -1.86 0.100000    0.000    0.000    0.000  795.947 3.504 2866
Element:       7  0.000    0.0    0.00 0.000000   816M0  -400.0   800.0     0.04 0.100000    0.000    0.000    0.000  792.623 3.514 2865
Element:       8  0.000    0.0    0.00 0.000000   977M0  -400.0   800.0   -16.79 0.100000    0.000    0.000    0.000  787.617 3.442 2355
Element:       9  0.000    0.0    0.00 0.000000   960M0  -400.0   800.0    17.37 0.100000    0.000    0.000    0.000  784.379 3.453 2352
Element:      10  0.000    0.0    0.00 0.000000   961M0  -400.0   800.0     1.44 0.100000    0.000    0.000    0.000  780.917 3.451 2354
Element:      11  0.000    0.0    0.00 0.000000   976M0  -400.0   800.0    -0.96 0.100000    0.000    0.000    0.000  777.660 3.459 2353
Element:      12  0.000    0.0    0.00 0.000000   945M0  -400.0   800.0    -4.57 0.100000    0.000    0.000    0.000  774.201 3.457 2003
Element:      13  0.000    0.0    0.00 0.000000   928M0  -400.0   800.0     5.70 0.100000    0.000    0.000    0.000  770.929 3.465 2000
Element:      14  0.000    0.0    0.00 0.000000   929M0  -400.0   800.0     7.43 0.100000    0.000    0.000    0.000  767.475 3.462 2002
Element:      15  0.000    0.0    0.00 0.000000   944M0  -400.0   800.0    -4.92 0.100000    0.000    0.000    0.000  764.187 3.470 2001
Element:      16  0.000    0.0    0.00 0.000000  1105M0  -400.0   800.0    -4.98 0.100000    0.000    0.000    0.000  759.330 3.401 2611
Element:      17  0.000    0.0    0.00 0.000000  1088M0  -400.0   800.0     7.84 0.100000    0.000    0.000    0.000  756.124 3.407 2608
Element:      18  0.000    0.0    0.00 0.000000  1089M0  -400.0   800.0   -11.77 0.100000    0.000    0.000    0.000  752.714 3.404 2610
Element:      19  0.000    0.0    0.00 0.000000  1104M0  -400.0   800.0    12.98 0.100000    0.000    0.000    0.000  749.496 3.410 2609
Element:      20  0.000    0.0    0.00 0.000000  1073M0  -400.0   800.0    -9.42 0.100000    0.000    0.000    0.000  746.094 3.407 2323
Element:      21  0.000    0.0    0.00 0.000000  1056M0  -400.0   800.0     4.58 0.100000    0.000    0.000    0.000  742.865 3.412 2320
Element:      22  0.000    0.0    0.00 0.000000  1057M0  -400.0   800.0    -1.81 0.100000    0.000    0.000    0.000  739.471 3.407 2322
Element:      23  0.000    0.0    0.00 0.000000  1072M0  -400.0   800.0     2.66 0.100000    0.000    0.000    0.000  736.232 3.412 2321
Element:      24  0.000    0.0    0.00 0.000000   913M0  -400.0   800.0    -8.77 0.100000    0.000    0.000    0.000  731.540 3.347 2291
Element:      25  0.000    0.0    0.00 0.000000   896M0  -400.0   800.0    10.75 0.100000    0.000    0.000    0.000  728.379 3.352 2288
Element:      26  0.000    0.0    0.00 0.000000   897M0  -400.0   800.0    -0.00 0.100000    0.000    0.000    0.000  725.033 3.346 2290
Element:      27  0.000    0.0    0.00 0.000000   912M0  -400.0   800.0    -2.19 0.100000    0.000    0.000    0.000  721.865 3.350 2289
Element:      28  0.000    0.0    0.00 0.000000   881M0  -400.0   800.0     2.93 0.100000    0.000    0.000    0.000  718.530 3.345 2579
Element:      29  0.000    0.0    0.00 0.000000   864M0  -400.0   800.0    -0.00 0.100000    0.000    0.000    0.000  715.355 3.348 2576
Element:      30  0.000    0.0    0.00 0.000000   865M0  -400.0   800.0    11.95 0.100000    0.000    0.000    0.000  712.030 3.342 2578
Element:      31  0.000    0.0    0.00 0.000000   880M0  -400.0   800.0     0.60 0.100000    0.000    0.000    0.000  708.851 3.343 2577
Element:      32  0.000    0.0    0.00 0.000000  1041M0  -400.0   800.0    -7.83 0.100000    0.000    0.000    0.000  704.339 3.283 2035
Element:      33  0.000    0.0    0.00 0.000000  1024M0  -400.0   800.0     9.19 0.100000    0.000    0.000    0.000  701.232 3.286 2032
Element:      34  0.000    0.0    0.00 0.000000  1025M0  -400.0   800.0   -16.81 0.100000    0.000    0.000    0.000  697.960 3.279 2034
Element:      35  0.000    0.0    0.00 0.000000  1040M0  -400.0   800.0   -25.46 0.100000    0.000    0.000    0.000  694.850 3.281 2033
Element:      36  0.000    0.0    0.00 0.000000  1009M0  -400.0   800.0    13.67 0.100000    0.000    0.000    0.000  691.590 3.273 2643
Element:      37  0.000    0.0    0.00 0.000000   992M0  -400.0   800.0     8.75 0.100000    0.000    0.000    0.000  688.479 3.275 2640
Element:      38  0.000    0.0    0.00 0.000000   993M0  -400.0   800.0    60.03 0.100000    0.000    0.000    0.000  685.233 3.267 2642
Element:      39  0.000    0.0    0.00 0.000000  1008M0  -400.0   800.0    56.40 0.100000    0.000    0.000    0.000  682.121 3.267 2641
Element:      40  0.000    0.0    0.00 0.000000  1169M0  -400.0   800.0    42.27 0.100000    0.000    0.000    0.000  677.795 3.212 2931
Element:      41  0.000    0.0    0.00 0.000000  1152M0  -400.0   800.0    61.19 0.100000    0.000    0.000    0.000  674.750 3.212 2928
Element:      42  0.000    0.0    0.00 0.000000  1153M0  -400.0   800.0    63.58 0.100000    0.000    0.000    0.000  671.557 3.204 2930
Element:      43  0.000    0.0    0.00 0.000000  1168M0  -400.0   800.0    48.80 0.100000    0.000    0.000    0.000  668.514 3.204 2929
Element:      44  0.000    0.0    0.00 0.000000  1137M0  -400.0   800.0    71.61 0.100000    0.000    0.000    0.000  665.336 3.197 2899
Element:      45  0.000    0.0    0.00 0.000000  1120M0  -400.0   800.0    65.08 0.100000    0.000    0.000    0.000  662.295 3.194 2896
Element:      46  0.000    0.0    0.00 0.000000  1121M0  -400.0   800.0    98.68 0.100000    0.000    0.000    0.000  659.133 3.186 2898
Element:      47  0.000    0.0    0.00 0.000000  1136M0  -400.0   800.0    55.38 0.100000    0.000    0.000    0.000  656.096 3.184 2897
Element:      48  0.000    0.0    0.00 0.000000   851M0  -400.0   800.0    68.35 0.100000    0.000    0.000    0.000  651.959 3.135 2071
Element:      49  0.000    0.0    0.00 0.000000   834M0  -400.0   800.0    71.46 0.100000    0.000    0.000    0.000  648.983 3.133 2068
Element:      50  0.000    0.0    0.00 0.000000   835M0  -400.0   800.0    79.66 0.100000    0.000    0.000    0.000  645.875 3.125 2070
Element:      51  0.000    0.0    0.00 0.000000   850M0  -400.0   800.0   129.57 0.100000    0.000    0.000    0.000  642.904 3.122 2069
Element:      52  0.000    0.0    0.00 0.000000   819M0  -400.0   800.0    75.40 0.100000    0.000    0.000    0.000  639.812 3.114 2871
Element:      53  0.000    0.0    0.00 0.000000   802M0  -400.0   800.0    74.94 0.100000    0.000    0.000    0.000  636.847 3.110 2868
Element:      54  0.000    0.0    0.00 0.000000   803M0  -400.0   800.0    73.86 0.100000    0.000    0.000    0.000  633.773 3.101 2870
Element:      55  0.000    0.0    0.00 0.000000   818M0  -400.0   800.0   115.05 0.100000    0.000    0.000    0.000  630.814 3.097 2869
Element:      56  0.000    0.0    0.00 0.000000   979M0  -400.0   800.0   107.28 0.100000    0.000    0.000    0.000  626.867 3.054 2359
Element:      57  0.000    0.0    0.00 0.000000   962M0  -400.0   800.0    87.99 0.100000    0.000    0.000    0.000  623.963 3.050 2356
Element:      58  0.000    0.0    0.00 0.000000   963M0  -400.0   800.0    93.22 0.100000    0.000    0.000    0.000  620.942 3.042 2358
Element:      59  0.000    0.0    0.00 0.000000   978M0  -400.0   800.0    82.59 0.100000    0.000    0.000    0.000  618.047 3.037 2357
Element:      60  0.000    0.0    0.00 0.000000   947M0  -400.0   800.0    89.46 0.100000    0.000    0.000    0.000  615.044 3.028 2007
Element:      61  0.000    0.0    0.00 0.000000   930M0  -400.0   800.0   100.64 0.100000    0.000    0.000    0.000  612.158 3.022 2004
Element:      62  0.000    0.0    0.00 0.000000   931M0  -400.0   800.0    96.73 0.100000    0.000    0.000    0.000  609.173 3.014 2006
Element:      63  0.000    0.0    0.00 0.000000   946M0  -400.0   800.0   155.78 0.100000    0.000    0.000    0.000  606.297 3.008 2005
Element:      64  0.000    0.0    0.00 0.000000  1107M0  -400.0   800.0    93.53 0.100000    0.000    0.000    0.000  602.534 2.971 2615
Element:      65  0.000    0.0    0.00 0.000000  1090M0  -400.0   800.0   108.01 0.100000    0.000    0.000    0.000  599.706 2.965 2612
Element:      66  0.000    0.0    0.00 0.000000  1091M0  -400.0   800.0    97.94 0.100000    0.000    0.000    0.000  596.774 2.956 2614
Element:      67  0.000    0.0    0.00 0.000000  1106M0  -400.0   800.0   104.55 0.100000    0.000    0.000    0.000  593.956 2.950 2613
Element:      68  0.000    0.0    0.00 0.000000  1075M0  -400.0   800.0    82.48 0.100000    0.000    0.000    0.000  591.043 2.941 2327
Element:      69  0.000    0.0    0.00 0.000000  1058M0  -400.0   800.0   112.74 0.100000    0.000    0.000    0.000  588.238 2.934 2324
Element:      70  0.000    0.0    0.00 0.000000  1059M0  -400.0   800.0    99.97 0.100000    0.000    0.000    0.000  585.344 2.924 2326
Element:      71  0.000    0.0    0.00 0.000000  1074M0  -400.0   800.0    99.29 0.100000    0.000    0.000    0.000  582.552 2.917 2325
Element:      72  0.000    0.0    0.00 0.000000   915M0  -400.0   800.0    54.03 0.100000    0.000    0.000    0.000  578.967 2.886 2295
Element:      73  0.000    0.0    0.00 0.000000   898M0  -400.0   800.0   113.01 0.100000    0.000    0.000    0.000  576.215 2.880 2292
Element:      74  0.000    0.0    0.00 0.000000   899M0  -400.0   800.0    74.71 0.100000    0.000    0.000    0.000  573.373 2.870 2294
Element:      75  0.000    0.0    0.00 0.000000   914M0  -400.0   800.0    88.86 0.100000    0.000    0.000    0.000  570.634 2.863 2293
Element:      76  0.000    0.0    0.00 0.000000   883M0  -400.0   800.0    92.86 0.100000    0.000    0.000    0.000  567.810 2.853 2583
Element:      77  0.000    0.0    0.00 0.000000   866M0  -400.0   800.0    93.51 0.100000    0.000    0.000    0.000  565.087 2.845 2580
Element:      78  0.000    0.0    0.00 0.000000   867M0  -400.0   800.0   124.45 0.100000    0.000    0.000    0.000  562.283 2.835 2582
Element:      79  0.000    0.0    0.00 0.000000   882M0  -400.0   800.0   127.65 0.100000    0.000    0.000    0.000  559.574 2.827 2581
Element:      80  0.000    0.0    0.00 0.000000  1043M0  -400.0   800.0    76.83 0.100000    0.000    0.000    0.000  556.161 2.802 2039
Element:      81  0.000    0.0    0.00 0.000000  1026M0  -400.0   800.0   134.77 0.100000    0.000    0.000    0.000  553.486 2.794 2036
Element:      82  0.000    0.0    0.00 0.000000  1027M0  -400.0   800.0   118.91 0.100000    0.000    0.000    0.000  550.732 2.784 2038
Element:      83  0.000    0.0    0.00 0.000000  1042M0  -400.0   800.0    92.31 0.100000    0.000    0.000    0.000  548.073 2.776 2037
Element:      84  0.000    0.0    0.00 0.000000  1011M0  -400.0   800.0   108.96 0.100000    0.000    0.000    0.000  545.338 2.765 2647
Element:      85  0.000    0.0    0.00 0.000000   994M0  -400.0   800.0   102.08 0.100000    0.000    0.000    0.000  542.695 2.758 2644
Element:      86  0.000    0.0    0.00 0.000000   995M0  -400.0   800.0   129.13 0.100000    0.000    0.000    0.000  539.980 2.747 2646
Element:      87  0.000    0.0    0.00 0.000000  1010M0  -400.0   800.0    98.78 0.100000    0.000    0.000    0.000  537.355 2.738 2645
Element:      88  0.000    0.0    0.00 0.000000  1171M0  -400.0   800.0    99.21 0.100000    0.000    0.000    0.000  534.101 2.719 2935
Element:      89  0.000    0.0    0.00 0.000000  1154M0  -400.0   800.0   133.76 0.100000    0.000    0.000    0.000  531.503 2.710 2932
Element:      90  0.000    0.0    0.00 0.000000  1155M0  -400.0   800.0   107.01 0.100000    0.000    0.000    0.000  528.836 2.700 2934
Element:      91  0.000    0.0    0.00 0.000000  1170M0  -400.0   800.0   109.43 0.100000    0.000    0.000    0.000  526.255 2.691 2933
Element:      92  0.000    0.0    0.00 0.000000  1139M0  -400.0   800.0    94.26 0.100000    0.000    0.000    0.000  523.607 2.681 2903
Element:      93  0.000    0.0    0.00 0.000000  1122M0  -400.0   800.0   106.66 0.100000    0.000    0.000    0.000  521.044 2.671 2900
Element:      94  0.000    0.0    0.00 0.000000  1123M0  -400.0   800.0    98.89 0.100000    0.000    0.000    0.000  518.416 2.661 2902
Element:      95  0.000    0.0    0.00 0.000000  1138M0  -400.0   800.0   104.91 0.100000    0.000    0.000    0.000  515.872 2.651 2901
Element:      96  0.000    0.0    0.00 0.000000   853M0  -400.0   800.0    80.32 0.100000    0.000    0.000    0.000  512.771 2.637 2075
Element:      97  0.000    0.0    0.00 0.000000   836M0  -400.0   800.0   107.40 0.100000    0.000    0.000    0.000  510.248 2.627 2072
Element:      98  0.000    0.0    0.00 0.000000   837M0  -400.0   800.0   103.32 0.100000    0.000    0.000    0.000  507.664 2.617 2074
Element:      99  0.000    0.0    0.00 0.000000   852M0  -400.0   800.0    73.67 0.100000    0.000    0.000    0.000  505.161 2.608 2073
Element:     100  0.000    0.0    0.00 0.000000   821M0  -400.0   800.0    81.34 0.100000    0.000    0.000    0.000  502.597 2.597 2875
Element:     101  0.000    0.0    0.00 0.000000   804M0  -400.0   800.0   100.72 0.100000    0.000    0.000    0.000  500.114 2.587 2872
Element:     102  0.000    0.0    0.00 0.000000   805M0  -400.0   800.0   108.44 0.100000    0.000    0.000    0.000  497.569 2.577 2874
Element:     103  0.000    0.0    0.00 0.000000   820M0  -400.0   800.0    89.64 0.100000    0.000    0.000    0.000  495.106 2.567 2873
Element:     104  0.000    0.0    0.00 0.000000   981M0  -400.0   800.0    88.78 0.100000    0.000    0.000    0.000  492.147 2.557 2363
Element:     105  0.000    0.0    0.00 0.000000   964M0  -400.0   800.0    97.19 0.100000    0.000    0.000    0.000  489.698 2.548 2360
Element:     106  0.000    0.0    0.00 0.000000   965M0  -400.0   800.0    92.56 0.100000    0.000    0.000    0.000  487.196 2.537 2362
Element:     107  0.000    0.0    0.00 0.000000   980M0  -400.0   800.0    93.46 0.100000    0.000    0.000    0.000  484.768 2.526 2361
Element:     108  0.000    0.0    0.00 0.000000   949M0  -400.0   800.0    88.30 0.100000    0.000    0.000    0.000  482.286 2.517 2011
Element:     109  0.000    0.0    0.00 0.000000   932M0  -400.0   800.0    98.40 0.100000    0.000    0.000    0.000  479.879 2.506 2008
Element:     110  0.000    0.0    0.00 0.000000   933M0  -400.0   800.0    97.76 0.100000    0.000    0.000    0.000  477.416 2.495 2010
Element:     111  0.000    0.0    0.00 0.000000   948M0  -400.0   800.0    98.08 0.100000    0.000    0.000    0.000  475.030 2.485 2009
Element:     112  0.000    0.0    0.00 0.000000  1109M0  -400.0   800.0   103.40 0.100000    0.000    0.000    0.000  472.207 2.480 2619
Element:     113  0.000    0.0    0.00 0.000000  1092M0  -400.0   800.0    95.25 0.100000    0.000    0.000    0.000  469.830 2.470 2616
Element:     114  0.000    0.0    0.00 0.000000  1093M0  -400.0   800.0    92.44 0.100000    0.000    0.000    0.000  467.407 2.459 2618
Element:     115  0.000    0.0    0.00 0.000000  1108M0  -400.0   800.0   106.95 0.100000    0.000    0.000    0.000  465.052 2.448 2617
Element:     116  0.000    0.0    0.00 0.000000  1077M0  -400.0   800.0    91.20 0.100000    0.000    0.000    0.000  462.648 2.438 2331
Element:     117  0.000    0.0    0.00 0.000000  1060M0  -400.0   800.0   101.37 0.100000    0.000    0.000    0.000  460.315 2.427 2328
Element:     118  0.000    0.0    0.00 0.000000  1061M0  -400.0   800.0   100.11 0.100000    0.000    0.000    0.000  457.931 2.417 2330
Element:     119  0.000    0.0    0.00 0.000000  1076M0  -400.0   800.0   101.88 0.100000    0.000    0.000    0.000  455.620 2.405 2329
Element:     120  0.000    0.0    0.00 0.000000   917M0  -400.0   800.0    49.37 0.100000    0.000    0.000    0.000  452.924 2.405 2299
Element:     121  0.000    0.0    0.00 0.000000   900M0  -400.0   800.0   120.48 0.100000    0.000    0.000    0.000  450.618 2.394 2296
Element:     122  0.000    0.0    0.00 0.000000   901M0  -400.0   800.0    80.44 0.100000    0.000    0.000    0.000  448.271 2.384 2298
Element:     123  0.000    0.0    0.00 0.000000   916M0  -400.0   800.0    73.09 0.100000    0.000    0.000    0.000  445.987 2.373 2297
Element:     124  0.000    0.0    0.00 0.000000   885M0  -400.0   800.0   107.23 0.100000    0.000    0.000    0.000  443.659 2.363 2587
Element:     125  0.000    0.0    0.00 0.000000   868M0  -400.0   800.0    75.99 0.100000    0.000    0.000    0.000  441.398 2.351 2584
Element:     126  0.000    0.0    0.00 0.000000   869M0  -400.0   800.0   123.53 0.100000    0.000    0.000    0.000  439.089 2.341 2586
Element:     127  0.000    0.0    0.00 0.000000   884M0  -400.0   800.0   113.11 0.100000    0.000    0.000    0.000  436.850 2.329 2585
Element:     128  0.000    0.0    0.00 0.000000  1045M0  -400.0   800.0   116.47 0.100000    0.000    0.000    0.000  434.274 2.333 2043
Element:     129  0.000    0.0    0.00 0.000000  1028M0  -400.0   800.0   109.34 0.100000    0.000    0.000    0.000  432.035 2.322 2040
Element:     130  0.000    0.0    0.00 0.000000  1029M0  -400.0   800.0    88.02 0.100000    0.000    0.000    0.000  429.761 2.311 2042
Element:     131  0.000    0.0    0.00 0.000000  1044M0  -400.0   800.0   119.08 0.100000    0.000    0.000    0.000  427.546 2.300 2041
Element:     132  0.000    0.0    0.00 0.000000  1013M0  -400.0   800.0    89.94 0.100000    0.000    0.000    0.000  425.290 2.290 2651
Element:     133  0.000    0.0    0.00 0.000000   996M0  -400.0   800.0   108.73 0.100000    0.000    0.000    0.000  423.098 2.278 2648
Element:     134  0.000    0.0    0.00 0.000000   997M0  -400.0   800.0   100.70 0.100000    0.000    0.000    0.000  420.862 2.268 2650
Element:     135  0.000    0.0    0.00 0.000000  1012M0  -400.0   800.0   120.46 0.100000    0.000    0.000    0.000  418.693 2.256 2649
Element:     136  0.000    0.0    0.00 0.000000  1173M0  -400.0   800.0    83.80 0.100000    0.000    0.000    0.000  416.228 2.264 2939
Element:     137  0.000    0.0    0.00 0.000000  1156M0  -400.0   800.0    96.08 0.100000    0.000    0.000    0.000  414.055 2.251 2936
Element:     138  0.000    0.0    0.00 0.000000  1157M0  -400.0   800.0    82.80 0.100000    0.000    0.000    0.000  411.851 2.243 2938
Element:     139  0.000    0.0    0.00 0.000000  1172M0  -400.0   800.0   103.39 0.100000    0.000    0.000    0.000  409.702 2.230 2937
Element:     140  0.000    0.0    0.00 0.000000  1141M0  -400.0   800.0    89.59 0.100000    0.000    0.000    0.000  407.516 2.221 2907
Element:     141  0.000    0.0    0.00 0.000000  1124M0  -400.0   800.0   111.08 0.100000    0.000    0.000    0.000  405.391 2.208 2904
Element:     142  0.000    0.0    0.00 0.000000  1125M0  -400.0   800.0   111.30 0.100000    0.000    0.000    0.000  403.224 2.199 2906
Element:     143  0.000    0.0    0.00 0.000000  1140M0  -400.0   800.0    98.31 0.100000    0.000    0.000    0.000  401.122 2.186 2905
Element:     144  0.000    0.0    0.00 0.000000   855M0  -400.0   800.0    68.21 0.100000    0.000    0.000    0.000  398.762 2.197 2079
Element:     145  0.000    0.0    0.00 0.000000   838M0  -400.0   800.0    96.65 0.100000    0.000    0.000    0.000  396.653 2.185 2076
Element:     146  0.000    0.0    0.00 0.000000   839M0  -400.0   800.0    69.42 0.100000    0.000    0.000    0.000  394.515 2.176 2078
Element:     147  0.000    0.0    0.00 0.000000   854M0  -400.0   800.0   111.40 0.100000    0.000    0.000    0.000  392.430 2.163 2077
Element:     148  0.000    0.0    0.00 0.000000   823M0  -400.0   800.0    74.09 0.100000    0.000    0.000    0.000  390.312 2.154 2879
Element:     149  0.000    0.0    0.00 0.000000   806M0  -400.0   800.0    90.05 0.100000    0.000    0.000    0.000  388.250 2.141 2876
Element:     150  0.000    0.0    0.00 0.000000   807M0  -400.0   800.0    76.97 0.100000    0.000    0.000    0.000  386.150 2.131 2878
Element:     151  0.000    0.0    0.00 0.000000   822M0  -400.0   800.0   105.49 0.100000    0.000    0.000    0.000  384.113 2.118 2877
Element:     152  0.000    0.0    0.00 0.000000   983M0  -400.0   800.0    87.64 0.100000    0.000    0.000    0.000  381.851 2.133 2367
Element:     153  0.000    0.0    0.00 0.000000   966M0  -400.0   800.0   107.26 0.100000    0.000    0.000    0.000  379.802 2.120 2364
Element:     154  0.000    0.0    0.00 0.000000   967M0  -400.0   800.0   105.58 0.100000    0.000    0.000    0.000  377.729 2.111 2366
Element:     155  0.000    0.0    0.00 0.000000   982M0  -400.0   800.0    73.00 0.100000    0.000    0.000    0.000  375.705 2.098 2365
Element:     156  0.000    0.0    0.00 0.000000   951M0  -400.0   800.0    87.82 0.100000    0.000    0.000    0.000  373.651 2.089 2015
Element:     157  0.000    0.0    0.00 0.000000   934M0  -400.0   800.0   101.34 0.100000    0.000    0.000    0.000  371.652 2.076 2012
Element:     158  0.000    0.0    0.00 0.000000   935M0  -400.0   800.0    81.65 0.100000    0.000    0.000    0.000  369.615 2.067 2014
Element:     159  0.000    0.0    0.00 0.000000   950M0  -400.0   800.0    85.05 0.100000    0.000    0.000    0.000  367.641 2.054 2013
Element:     160  0.000    0.0    0.00 0.000000  1111M0  -400.0   800.0    82.75 0.100000    0.000    0.000    0.000  365.470 2.072 2623
Element:     161  0.000    0.0    0.00 0.000000  1094M0  -400.0   800.0    87.04 0.100000    0.000    0.000    0.000  363.480 2.058 2620
Element:     162  0.000    0.0    0.00 0.000000  1095M0  -400.0   800.0    76.43 0.100000    0.000    0.000    0.000  361.470 2.049 2622
Element:     163  0.000    0.0    0.00 0.000000  1110M0  -400.0   800.0   100.59 0.100000    0.000    0.000    0.000  359.505 2.036 2621
Element:     164  0.000    0.0    0.00 0.000000  1079M0  -400.0   800.0    82.22 0.100000    0.000    0.000    0.000  357.512 2.027 2335
Element:     165  0.000    0.0    0.00 0.000000  1062M0  -400.0   800.0   103.31 0.100000    0.000    0.000    0.000  355.572 2.014 2332
Element:     166  0.000    0.0    0.00 0.000000  1063M0  -400.0   800.0    73.52 0.100000    0.000    0.000    0.000  353.597 2.005 2334
Element:     167  0.000    0.0    0.00 0.000000  1078M0  -400.0   800.0    96.12 0.100000    0.000    0.000    0.000  351.683 1.992 2333
Element:     168  0.000    0.0    0.00 0.000000   919M0  -400.0   800.0    59.81 0.100000    0.000    0.000    0.000  349.598 2.012 2303
Element:     169  0.000    0.0    0.00 0.000000   902M0  -400.0   800.0    59.98 0.100000    0.000    0.000    0.000  347.665 1.998 2300
Element:     170  0.000    0.0    0.00 0.000000   903M0  -400.0   800.0    64.52 0.100000    0.000    0.000    0.000  345.714 1.990 2302
Element:     171  0.000    0.0    0.00 0.000000   918M0  -400.0   800.0    57.14 0.100000    0.000    0.000    0.000  343.806 1.976 2301
Element:     172  0.000    0.0    0.00 0.000000   887M0  -400.0   800.0    67.12 0.100000    0.000    0.000    0.000  341.872 1.967 2591
Element:     173  0.000    0.0    0.00 0.000000   870M0  -400.0   800.0    73.11 0.100000    0.000    0.000    0.000  339.990 1.955 2588
Element:     174  0.000    0.0    0.00 0.000000   871M0  -400.0   800.0    66.96 0.100000    0.000    0.000    0.000  338.073 1.946 2590
Element:     175  0.000    0.0    0.00 0.000000   886M0  -400.0   800.0    74.91 0.100000    0.000    0.000    0.000  336.218 1.932 2589
Element:     176  0.000    0.0    0.00 0.000000  1047M0  -400.0   800.0    91.46 0.100000    0.000    0.000    0.000  334.214 1.954 2047
Element:     177  0.000    0.0    0.00 0.000000  1030M0  -400.0   800.0    86.61 0.100000    0.000    0.000    0.000  332.336 1.941 2044
Element:     178  0.000    0.0    0.00 0.000000  1031M0  -400.0   800.0    65.12 0.100000    0.000    0.000    0.000  330.442 1.932 2046
Element:     179  0.000    0.0    0.00 0.000000  1046M0  -400.0   800.0    87.34 0.100000    0.000    0.000    0.000  328.590 1.919 2045
Element:     180  0.000    0.0    0.00 0.000000  1015M0  -400.0   800.0    76.07 0.100000    0.000    0.000    0.000  326.713 1.910 2655
Element:     181  0.000    0.0    0.00 0.000000   998M0  -400.0   800.0    96.66 0.100000    0.000    0.000    0.000  324.887 1.896 2652
Element:     182  0.000    0.0    0.00 0.000000   999M0  -400.0   800.0    79.30 0.100000    0.000    0.000    0.000  323.026 1.888 2654
Element:     183  0.000    0.0    0.00 0.000000  1014M0  -400.0   800.0    94.27 0.100000    0.000    0.000    0.000  321.226 1.875 2653
Element:     184  0.000    0.0    0.00 0.000000  1175M0  -400.0   800.0   100.15 0.100000    0.000    0.000    0.000  319.300 1.899 2943
Element:     185  0.000    0.0    0.00 0.000000  1158M0  -400.0   800.0    76.26 0.100000    0.000    0.000    0.000  317.473 1.885 2940
Element:     186  0.000    0.0    0.00 0.000000  1159M0  -400.0   800.0    62.12 0.100000    0.000    0.000    0.000  315.635 1.877 2942
Element:     187  0.000    0.0    0.00 0.000000  1174M0  -400.0   800.0    78.72 0.100000    0.000    0.000    0.000  313.836 1.863 2941
Element:     188  0.000    0.0    0.00 0.000000  1143M0  -400.0   800.0    84.74 0.100000    0.000    0.000    0.000  312.014 1.854 2911
Element:     189  0.000    0.0    0.00 0.000000  1126M0  -400.0   800.0    70.80 0.100000    0.000    0.000    0.000  310.242 1.840 2908
Element:     190  0.000    0.0    0.00 0.000000  1127M0  -400.0   800.0   118.93 0.100000    0.000    0.000    0.000  308.436 1.833 2910
Element:     191  0.000    0.0    0.00 0.000000  1142M0  -400.0   800.0    78.92 0.100000    0.000    0.000    0.000  306.691 1.818 2909
Element:     192  0.000    0.0    0.00 0.000000   857M0  -400.0   800.0    53.41 0.100000    0.000    0.000    0.000  304.836 1.845 2083
Element:     193  0.000    0.0    0.00 0.000000   840M0  -400.0   800.0    57.06 0.100000    0.000    0.000    0.000  303.062 1.831 2080
Element:     194  0.000    0.0    0.00 0.000000   841M0  -400.0   800.0    44.52 0.100000    0.000    0.000    0.000  301.276 1.823 2082
Element:     195  0.000    0.0    0.00 0.000000   856M0  -400.0   800.0    51.38 0.100000    0.000    0.000    0.000  299.530 1.810 2081
Element:     196  0.000    0.0    0.00 0.000000   825M0  -400.0   800.0    52.09 0.100000    0.000    0.000    0.000  297.760 1.801 2883
Element:     197  0.000    0.0    0.00 0.000000   808M0  -400.0   800.0    59.76 0.100000    0.000    0.000    0.000  296.040 1.787 2880
Element:     198  0.000    0.0    0.00 0.000000   809M0  -400.0   800.0    60.65 0.100000    0.000    0.000    0.000  294.287 1.779 2882
Element:     199  0.000    0.0    0.00 0.000000   824M0  -400.0   800.0    77.67 0.100000    0.000    0.000    0.000  292.594 1.765 2881
Element:     200  0.000    0.0    0.00 0.000000   985M0  -400.0   800.0    82.12 0.100000    0.000    0.000    0.000  290.807 1.794 2371
Element:     201  0.000    0.0    0.00 0.000000   968M0  -400.0   800.0    59.69 0.100000    0.000    0.000    0.000  289.083 1.778 2368
Element:     202  0.000    0.0    0.00 0.000000   969M0  -400.0   800.0    78.83 0.100000    0.000    0.000    0.000  287.350 1.771 2370
Element:     203  0.000    0.0    0.00 0.000000   984M0  -400.0   800.0    55.78 0.100000    0.000    0.000    0.000  285.653 1.756 2369
Element:     204  0.000    0.0    0.00 0.000000   953M0  -400.0   800.0    54.46 0.100000    0.000    0.000    0.000  283.935 1.749 2019
Element:     205  0.000    0.0    0.00 0.000000   936M0  -400.0   800.0    72.17 0.100000    0.000    0.000    0.000  282.266 1.735 2016
Element:     206  0.000    0.0    0.00 0.000000   937M0  -400.0   800.0    51.12 0.100000    0.000    0.000    0.000  280.563 1.727 2018
Element:     207  0.000    0.0    0.00 0.000000   952M0  -400.0   800.0    85.88 0.100000    0.000    0.000    0.000  278.922 1.713 2017
Element:     208  0.000    0.0    0.00 0.000000  1113M0  -400.0   800.0    64.58 0.100000    0.000    0.000    0.000  277.200 1.743 2627
Element:     209  0.000    0.0    0.00 0.000000  1096M0  -400.0   800.0    55.29 0.100000    0.000    0.000    0.000  275.524 1.729 2624
Element:     210  0.000    0.0    0.00 0.000000  1097M0  -400.0   800.0    52.04 0.100000    0.000    0.000    0.000  273.841 1.721 2626
Element:     211  0.000    0.0    0.00 0.000000  1112M0  -400.0   800.0    76.13 0.100000    0.000    0.000    0.000  272.194 1.706 2625
Element:     212  0.000    0.0    0.00 0.000000  1081M0  -400.0   800.0    67.07 0.100000    0.000    0.000    0.000  270.525 1.698 2339
Element:     213  0.000    0.0    0.00 0.000000  1064M0  -400.0   800.0    59.55 0.100000    0.000    0.000    0.000  268.906 1.684 2336
Element:     214  0.000    0.0    0.00 0.000000  1065M0  -400.0   800.0    65.83 0.100000    0.000    0.000    0.000  267.252 1.677 2338
Element:     215  0.000    0.0    0.00 0.000000  1080M0  -400.0   800.0    67.85 0.100000    0.000    0.000    0.000  265.660 1.662 2337
Element:     216  0.000    0.0    0.00 0.000000   921M0  -400.0   800.0    46.07 0.100000    0.000    0.000    0.000  264.001 1.693 2307
Element:     217  0.000    0.0    0.00 0.000000   904M0  -400.0   800.0    67.30 0.100000    0.000    0.000    0.000  262.372 1.679 2304
Element:     218  0.000    0.0    0.00 0.000000   905M0  -400.0   800.0    41.79 0.100000    0.000    0.000    0.000  260.738 1.671 2306
Element:     219  0.000    0.0    0.00 0.000000   920M0  -400.0   800.0    55.69 0.100000    0.000    0.000    0.000  259.138 1.657 2305
Element:     220  0.000    0.0    0.00 0.000000   889M0  -400.0   800.0    13.79 0.100000    0.000    0.000    0.000  257.518 1.649 2595
Element:     221  0.000    0.0    0.00 0.000000   872M0  -400.0   800.0    57.63 0.100000    0.000    0.000    0.000  255.947 1.635 2592
Element:     222  0.000    0.0    0.00 0.000000   873M0  -400.0   800.0    56.31 0.100000    0.000    0.000    0.000  254.341 1.627 2594
Element:     223  0.000    0.0    0.00 0.000000   888M0  -400.0   800.0    57.35 0.100000    0.000    0.000    0.000  252.798 1.613 2593
Element:     224  0.000    0.0    0.00 0.000000  1049M0  -400.0   800.0    43.06 0.100000    0.000    0.000    0.000  251.197 1.645 2051
Element:     225  0.000    0.0    0.00 0.000000  1032M0  -400.0   800.0    60.64 0.100000    0.000    0.000    0.000  249.616 1.631 2048
Element:     226  0.000    0.0    0.00 0.000000  1033M0  -400.0   800.0    60.81 0.100000    0.000    0.000    0.000  248.029 1.623 2050
Element:     227  0.000    0.0    0.00 0.000000  1048M0  -400.0   800.0    49.65 0.100000    0.000    0.000    0.000  246.476 1.608 2049
Element:     228  0.000    0.0    0.00 0.000000  1017M0  -400.0   800.0    49.50 0.100000    0.000    0.000    0.000  244.903 1.601 2659
Element:     229  0.000    0.0    0.00 0.000000  1000M0  -400.0   800.0    74.46 0.100000    0.000    0.000    0.000  243.379 1.587 2656
Element:     230  0.000    0.0    0.00 0.000000  1001M0  -400.0   800.0    82.60 0.100000    0.000    0.000    0.000  241.820 1.579 2658
Element:     231  0.000    0.0    0.00 0.000000  1016M0  -400.0   800.0    54.35 0.100000    0.000    0.000    0.000  240.324 1.565 2657
Element:     232  0.000    0.0    0.00 0.000000  1177M0  -400.0   800.0    44.16 0.100000    0.000    0.000    0.000  238.780 1.599 2947
Element:     233  0.000    0.0    0.00 0.000000  1160M0  -400.0   800.0    53.76 0.100000    0.000    0.000    0.000  237.244 1.583 2944
Element:     234  0.000    0.0    0.00 0.000000  1161M0  -400.0   800.0    41.90 0.100000    0.000    0.000    0.000  235.703 1.576 2946
Element:     235  0.000    0.0    0.00 0.000000  1176M0  -400.0   800.0    42.50 0.100000    0.000    0.000    0.000  234.197 1.561 2945
Element:     236  0.000    0.0    0.00 0.000000  1145M0  -400.0   800.0    78.04 0.100000    0.000    0.000    0.000  232.670 1.554 2915
Element:     237  0.000    0.0    0.00 0.000000  1128M0  -400.0   800.0    57.63 0.100000    0.000    0.000    0.000  231.192 1.540 2912
Element:     238  0.000    0.0    0.00 0.000000  1129M0  -400.0   800.0    54.55 0.100000    0.000    0.000    0.000  229.679 1.533 2914
Element:     239  0.000    0.0    0.00 0.000000  1144M0  -400.0   800.0    66.17 0.100000    0.000    0.000    0.000  228.229 1.518 2913
Element:     240  0.000    0.0    0.00 0.000000   859M0  -400.0   800.0    31.40 0.100000    0.000    0.000    0.000  226.740 1.552 2087
Element:     241  0.000    0.0    0.00 0.000000   842M0  -400.0   800.0    44.73 0.100000    0.000    0.000    0.000  225.249 1.537 2084
Element:     242  0.000    0.0    0.00 0.000000   843M0  -400.0   800.0    36.58 0.100000    0.000    0.000    0.000  223.754 1.531 2086
Element:     243  0.000    0.0    0.00 0.000000   858M0  -400.0   800.0    38.97 0.100000    0.000    0.000    0.000  222.292 1.515 2085
Element:     244  0.000    0.0    0.00 0.000000   827M0  -400.0   800.0    22.31 0.100000    0.000    0.000    0.000  220.810 1.508 2887
Element:     245  0.000    0.0    0.00 0.000000   810M0  -400.0   800.0    47.12 0.100000    0.000    0.000    0.000  219.378 1.494 2884
Element:     246  0.000    0.0    0.00 0.000000   811M0  -400.0   800.0    35.37 0.100000    0.000    0.000    0.000  217.909 1.486 2886
Element:     247  0.000    0.0    0.00 0.000000   826M0  -400.0   800.0    68.04 0.100000    0.000    0.000    0.000  216.506 1.472 2885
Element:     248  0.000    0.0    0.00 0.000000   987M0  -400.0   800.0    28.13 0.100000    0.000    0.000    0.000  215.070 1.507 2375
Element:     249  0.000    0.0    0.00 0.000000   970M0  -400.0   800.0    39.46 0.100000    0.000    0.000    0.000  213.623 1.491 2372
Element:     250  0.000    0.0    0.00 0.000000   971M0  -400.0   800.0    31.66 0.100000    0.000    0.000    0.000  212.172 1.485 2374
Element:     251  0.000    0.0    0.00 0.000000   986M0  -400.0   800.0    28.73 0.100000    0.000    0.000    0.000  210.755 1.470 2373
Element:     252  0.000    0.0    0.00 0.000000   955M0  -400.0   800.0    41.82 0.100000    0.000    0.000    0.000  209.318 1.464 2023
Element:     253  0.000    0.0    0.00 0.000000   938M0  -400.0   800.0    53.48 0.100000    0.000    0.000    0.000  207.930 1.447 2020
Element:     254  0.000    0.0    0.00 0.000000   939M0  -400.0   800.0    51.54 0.100000    0.000    0.000    0.000  206.505 1.441 2022
Element:     255  0.000    0.0    0.00 0.000000   954M0  -400.0   800.0    55.97 0.100000    0.000    0.000    0.000  205.148 1.425 2021
Element:     256  0.000    0.0    0.00 0.000000  1115M0  -400.0   800.0    32.22 0.100000    0.000    0.000    0.000  203.763 1.462 2631
Element:     257  0.000    0.0    0.00 0.000000  1098M0  -400.0   800.0    83.64 0.100000    0.000    0.000    0.000  202.360 1.446 2628
Element:     258  0.000    0.0    0.00 0.000000  1099M0  -400.0   800.0    63.72 0.100000    0.000    0.000    0.000  200.953 1.441 2630
Element:     259  0.000    0.0    0.00 0.000000  1114M0  -400.0   800.0    41.11 0.100000    0.000    0.000    0.000  199.581 1.425 2629
Element:     260  0.000    0.0    0.00 0.000000  1083M0  -400.0   800.0    27.50 0.100000    0.000    0.000    0.000  198.186 1.418 2343
Element:     261  0.000    0.0    0.00 0.000000  1066M0  -400.0   800.0    45.45 0.100000    0.000    0.000    0.000  196.843 1.402 2340
Element:     262  0.000    0.0    0.00 0.000000  1067M0  -400.0   800.0    34.64 0.100000    0.000    0.000    0.000  195.463 1.396 2342
Element:     263  0.000    0.0    0.00 0.000000  1082M0  -400.0   800.0    60.19 0.100000    0.000    0.000    0.000  194.149 1.382 2341
Element:     264  0.000    0.0    0.00 0.000000   923M0  -400.0   800.0    18.86 0.100000    0.000    0.000    0.000  192.814 1.417 2311
Element:     265  0.000    0.0    0.00 0.000000   906M0  -400.0   800.0    23.72 0.100000    0.000    0.000    0.000  191.453 1.403 2308
Element:     266  0.000    0.0    0.00 0.000000   907M0  -400.0   800.0    19.99 0.100000    0.000    0.000    0.000  190.091 1.397 2310
Element:     267  0.000    0.0    0.00 0.000000   922M0  -400.0   800.0    27.58 0.100000    0.000    0.000    0.000  188.761 1.380 2309
Element:     268  0.000    0.0    0.00 0.000000   891M0  -400.0   800.0    20.38 0.100000    0.000    0.000    0.000  187.411 1.375 2599
Element:     269  0.000    0.0    0.00 0.000000   874M0  -400.0   800.0    31.74 0.100000    0.000    0.000    0.000  186.112 1.358 2596
Element:     270  0.000    0.0    0.00 0.000000   875M0  -400.0   800.0    26.64 0.100000    0.000    0.000    0.000  184.772 1.352 2598
Element:     271  0.000    0.0    0.00 0.000000   890M0  -400.0   800.0    43.79 0.100000    0.000    0.000    0.000  183.505 1.336 2597
Element:     272  0.000    0.0    0.00 0.000000  1051M0  -400.0   800.0    26.75 0.100000    0.000    0.000    0.000  182.217 1.374 2055
Element:     273  0.000    0.0    0.00 0.000000  1034M0  -400.0   800.0    60.76 0.100000    0.000    0.000    0.000  180.900 1.358 2052
Element:     274  0.000    0.0    0.00 0.000000  1035M0  -400.0   800.0    42.87 0.100000    0.000    0.000    0.000  179.581 1.351 2054
Element:     275  0.000    0.0    0.00 0.000000  1050M0  -400.0   800.0    46.78 0.100000    0.000    0.000    0.000  178.295 1.335 2053
Element:     276  0.000    0.0    0.00 0.000000  1019M0  -400.0   800.0    33.64 0.100000    0.000    0.000    0.000  176.986 1.330 2663
Element:     277  0.000    0.0    0.00 0.000000  1002M0  -400.0   800.0    47.44 0.100000    0.000    0.000    0.000  175.731 1.313 2660
Element:     278  0.000    0.0    0.00 0.000000  1003M0  -400.0   800.0    51.20 0.100000    0.000    0.000    0.000  174.434 1.308 2662
Element:     279  0.000    0.0    0.00 0.000000  1018M0  -400.0   800.0    29.99 0.100000    0.000    0.000    0.000  173.211 1.291 2661
Element:     280  0.000    0.0    0.00 0.000000  1179M0  -400.0   800.0    21.32 0.100000    0.000    0.000    0.000  171.972 1.329 2951
Element:     281  0.000    0.0    0.00 0.000000  1162M0  -400.0   800.0    25.79 0.100000    0.000    0.000    0.000  170.697 1.313 2948
Element:     282  0.000    0.0    0.00 0.000000  1163M0  -400.0   800.0    18.65 0.100000    0.000    0.000    0.000  169.421 1.309 2950
Element:     283  0.000    0.0    0.00 0.000000  1178M0  -400.0   800.0    25.58 0.100000    0.000    0.000    0.000  168.178 1.292 2949
Element:     284  0.000    0.0    0.00 0.000000  1147M0  -400.0   800.0    31.02 0.100000    0.000    0.000    0.000  166.912 1.286 2919
Element:     285  0.000    0.0    0.00 0.000000  1130M0  -400.0   800.0    36.27 0.100000    0.000    0.000    0.000  165.701 1.270 2916
Element:     286  0.000    0.0    0.00 0.000000  1131M0  -400.0   800.0    23.54 0.100000    0.000    0.000    0.000  164.445 1.266 2918
Element:     287  0.000    0.0    0.00 0.000000  1146M0  -400.0   800.0    55.88 0.100000    0.000    0.000    0.000  163.266 1.248 2917
Element:     288  0.000    0.0    0.00 0.000000   861M0  -400.0   800.0     3.49 0.100000    0.000    0.000    0.000  162.074 1.286 2091
Element:     289  0.000    0.0    0.00 0.000000   844M0  -400.0   800.0    40.62 0.100000    0.000    0.000    0.000  160.841 1.270 2088
Element:     290  0.000    0.0    0.00 0.000000   845M0  -400.0   800.0     6.80 0.100000    0.000    0.000    0.000  159.607 1.264 2090
Element:     291  0.000    0.0    0.00 0.000000   860M0  -400.0   800.0    41.34 0.100000    0.000    0.000    0.000  158.409 1.248 2089
Element:     292  0.000    0.0    0.00 0.000000   829M0  -400.0   800.0    41.79 0.100000    0.000    0.000    0.000  157.184 1.243 2891
Element:     293  0.000    0.0    0.00 0.000000   812M0  -400.0   800.0    15.48 0.100000    0.000    0.000    0.000  156.016 1.227 2888
Element:     294  0.000    0.0    0.00 0.000000   813M0  -400.0   800.0    18.56 0.100000    0.000    0.000    0.000  154.802 1.221 2890
Element:     295  0.000    0.0    0.00 0.000000   828M0  -400.0   800.0    28.35 0.100000    0.000    0.000    0.000  153.666 1.204 2889
Element:     296  0.000    0.0    0.00 0.000000   989M0  -400.0   800.0    14.66 0.100000    0.000    0.000    0.000  152.521 1.243 2379
Element:     297  0.000    0.0    0.00 0.000000   972M0  -400.0   800.0    22.53 0.100000    0.000    0.000    0.000  151.332 1.227 2376
Element:     298  0.000    0.0    0.00 0.000000   973M0  -400.0   800.0    47.06 0.100000    0.000    0.000    0.000  150.141 1.222 2378
Element:     299  0.000    0.0    0.00 0.000000   988M0  -400.0   800.0    23.54 0.100000    0.000    0.000    0.000  148.983 1.205 2377
Element:     300  0.000    0.0    0.00 0.000000   957M0  -400.0   800.0    17.61 0.100000    0.000    0.000    0.000  147.802 1.200 2027
Element:     301  0.000    0.0    0.00 0.000000   940M0  -400.0   800.0    54.87 0.100000    0.000    0.000    0.000  146.677 1.183 2024
Element:     302  0.000    0.0    0.00 0.000000   941M0  -400.0   800.0    56.70 0.100000    0.000    0.000    0.000  145.505 1.179 2026
Element:     303  0.000    0.0    0.00 0.000000   956M0  -400.0   800.0    24.50 0.100000    0.000    0.000    0.000  144.413 1.162 2025
Element:     304  0.000    0.0    0.00 0.000000  1117M0  -400.0   800.0    19.82 0.100000    0.000    0.000    0.000  143.315 1.200 2635
Element:     305  0.000    0.0    0.00 0.000000  1100M0  -400.0   800.0    17.47 0.100000    0.000    0.000    0.000  142.167 1.183 2632
Element:     306  0.000    0.0    0.00 0.000000  1101M0  -400.0   800.0    21.24 0.100000    0.000    0.000    0.000  141.019 1.177 2634
Element:     307  0.000    0.0    0.00 0.000000  1116M0  -400.0   800.0    24.67 0.100000    0.000    0.000    0.000  139.904 1.160 2633
Element:     308  0.000    0.0    0.00 0.000000  1085M0  -400.0   800.0    14.93 0.100000    0.000    0.000    0.000  138.765 1.156 2347
Element:     309  0.000    0.0    0.00 0.000000  1068M0  -400.0   800.0    24.03 0.100000    0.000    0.000    0.000  137.684 1.140 2344
Element:     310  0.000    0.0    0.00 0.000000  1069M0  -400.0   800.0    26.39 0.100000    0.000    0.000    0.000  136.553 1.135 2346
Element:     311  0.000    0.0    0.00 0.000000  1084M0  -400.0   800.0    28.03 0.100000    0.000    0.000    0.000  135.504 1.117 2345
Element:     312  0.000    0.0    0.00 0.000000   925M0  -400.0   800.0     5.96 0.100000    0.000    0.000    0.000  134.453 1.156 2315
Element:     313  0.000    0.0    0.00 0.000000   908M0  -400.0   800.0     5.39 0.100000    0.000    0.000    0.000  133.348 1.139 2312
Element:     314  0.000    0.0    0.00 0.000000   909M0  -400.0   800.0     2.85 0.100000    0.000    0.000    0.000  132.243 1.134 2314
Element:     315  0.000    0.0    0.00 0.000000   924M0  -400.0   800.0     1.88 0.100000    0.000    0.000    0.000  131.171 1.117 2313
Element:     316  0.000    0.0    0.00 0.000000   893M0  -400.0   800.0     3.28 0.100000    0.000    0.000    0.000  130.074 1.114 2603
Element:     317  0.000    0.0    0.00 0.000000   876M0  -400.0   800.0    -1.00 0.100000    0.000    0.000    0.000  129.035 1.096 2600
Element:     318  0.000    0.0    0.00 0.000000   877M0  -400.0   800.0     7.73 0.100000    0.000    0.000    0.000  127.946 1.092 2602
Element:     319  0.000    0.0    0.00 0.000000   892M0  -400.0   800.0     4.03 0.100000    0.000    0.000    0.000  126.941 1.076 2601
Element:     320  0.000    0.0    0.00 0.000000  1053M0  -400.0   800.0    15.79 0.100000    0.000    0.000    0.000  125.935 1.112 2059
Element:     321  0.000    0.0    0.00 0.000000  1036M0  -400.0   800.0    21.69 0.100000    0.000    0.000    0.000  124.874 1.095 2056
Element:     322  0.000    0.0    0.00 0.000000  1037M0  -400.0   800.0    10.49 0.100000    0.000    0.000    0.000  123.811 1.092 2058
Element:     323  0.000    0.0    0.00 0.000000  1052M0  -400.0   800.0    31.29 0.100000    0.000    0.000    0.000  122.784 1.074 2057
Element:     324  0.000    0.0    0.00 0.000000  1021M0  -400.0   800.0    18.31 0.100000    0.000    0.000    0.000  121.727 1.071 2667
Element:     325  0.000    0.0    0.00 0.000000  1004M0  -400.0   800.0    21.79 0.100000    0.000    0.000    0.000  120.733 1.054 2664
Element:     326  0.000    0.0    0.00 0.000000  1005M0  -400.0   800.0    20.47 0.100000    0.000    0.000    0.000  119.685 1.049 2666
Element:     327  0.000    0.0    0.00 0.000000  1020M0  -400.0   800.0    52.67 0.100000    0.000    0.000    0.000  118.724 1.032 2665
##
Initialise: 
Display: 1D Nhits       96 0 96
Display: 1D NhitsPrompt 32 0 32
Display: 1D NhitsRand   32 0 32
Display: 1D Hits        328 0 328
Display: 1D HitsPrompt  328 0 328
Display: 1D HitsRand    328 0 328
Display: 1D TimeOR     1200 -400.0 800.0
Display: 1D TimeAll    1200 -400.0 800.0
#Display: 1D Time  400 -400.0 800.0   0 328
Display: 1D Eelect   1000 0 1000.0
Display: 1D ScalerCurr 328 0 328
Display: 1D ScalerAcc  328 0 328
Display: 1D Doubles  	328 0 328
Display: 1D NDoubles  	64 0 64
#Display: 2D TimeOR   200 -400.0 800.0 -1 Hits 328 0 328 -1
#Display: 2D TimeOR   200 -400.0 800.0 -1 Doubles 328 0 328 -1
Display: 2D TimeOR   600 -400.0 800.0 -1 Hits 328 0 328 -1
Display: 2D TimeOR   600 -400.0 800.0 -1 Doubles 328 0 328 -1
Display: 2D TimeAll  600 -400.0 800.0 -1 Hits 328 0 328 -1

